Time: 0.000000 Joint Angle [-0.05607,  0.80607,  0.30587, -1.52129, -0.08769, -0.65840, -0.00004] R des[-0.09485, -0.21424,  0.97217][0.13514, 0.96476, 0.22579][-0.98628,  0.15279, -0.06256]
Time: 0.015000 Joint Angle [-0.05608,  0.80607,  0.30589, -1.52131, -0.08769, -0.65839, -0.00004] R des[-0.09485, -0.21424,  0.97217][0.13514, 0.96476, 0.22579][-0.98628,  0.15279, -0.06256]
Time: 0.030000 Joint Angle [-0.05609,  0.80608,  0.30591, -1.52131, -0.08769, -0.65839, -0.00004] R des[-0.09485, -0.21424,  0.97217][0.13514, 0.96476, 0.22579][-0.98628,  0.15279, -0.06256]
Time: 0.045000 Joint Angle [-0.05610,  0.80612,  0.30591, -1.52133, -0.08769, -0.65835, -0.00004] R des[-0.09485, -0.21424,  0.97217][0.13514, 0.96476, 0.22579][-0.98628,  0.15279, -0.06256]
Time: 0.060000 Joint Angle [-0.05611,  0.80617,  0.30592, -1.52133, -0.08769, -0.65830, -0.00004] R des[-0.09485, -0.21424,  0.97217][0.13514, 0.96476, 0.22579][-0.98628,  0.15279, -0.06256]
Time: 0.075000 Joint Angle [-0.05611,  0.80623,  0.30595, -1.52133, -0.08769, -0.65827, -0.00004] R des[-0.09485, -0.21424,  0.97217][0.13514, 0.96476, 0.22579][-0.98628,  0.15279, -0.06256]
Time: 0.090000 Joint Angle [-0.05611,  0.80631,  0.30600, -1.52133, -0.08769, -0.65826, -0.00004] R des[-0.09485, -0.21424,  0.97217][0.13514, 0.96476, 0.22579][-0.98628,  0.15279, -0.06256]
Time: 0.105000 Joint Angle [-0.05611,  0.80640,  0.30603, -1.52133, -0.08769, -0.65826, -0.00004] R des[-0.09485, -0.21424,  0.97217][0.13514, 0.96476, 0.22579][-0.98628,  0.15279, -0.06256]
Time: 0.120000 Joint Angle [-0.05612,  0.80651,  0.30606, -1.52131, -0.08769, -0.65826, -0.00004] R des[-0.09485, -0.21424,  0.97217][0.13514, 0.96476, 0.22579][-0.98628,  0.15279, -0.06256]
Time: 0.135000 Joint Angle [-0.05612,  0.80664,  0.30610, -1.52129, -0.08769, -0.65826, -0.00004] R des[-0.09485, -0.21424,  0.97217][0.13514, 0.96476, 0.22579][-0.98628,  0.15279, -0.06256]
Time: 0.150000 Joint Angle [-0.05612,  0.80676,  0.30615, -1.52129, -0.08769, -0.65826, -0.00004] R des[-0.09485, -0.21424,  0.97217][0.13514, 0.96476, 0.22579][-0.98628,  0.15279, -0.06256]
Time: 0.165000 Joint Angle [-0.05612,  0.80688,  0.30621, -1.52126, -0.08769, -0.65826, -0.00004] R des[-0.09485, -0.21424,  0.97217][0.13514, 0.96476, 0.22579][-0.98628,  0.15279, -0.06256]
Time: 0.180000 Joint Angle [-0.05612,  0.80699,  0.30627, -1.52122, -0.08769, -0.65827, -0.00004] R des[-0.09485, -0.21424,  0.97217][0.13514, 0.96476, 0.22579][-0.98628,  0.15279, -0.06256]
Time: 0.195000 Joint Angle [-0.05613,  0.80712,  0.30633, -1.52114, -0.08769, -0.65827, -0.00004] R des[-0.09485, -0.21424,  0.97217][0.13514, 0.96476, 0.22579][-0.98628,  0.15279, -0.06256]
Time: 0.210000 Joint Angle [-0.05613,  0.80725,  0.30640, -1.52104, -0.08768, -0.65828, -0.00004] R des[-0.09485, -0.21424,  0.97217][0.13514, 0.96476, 0.22579][-0.98628,  0.15279, -0.06256]
Time: 0.225000 Joint Angle [-0.05614,  0.80738,  0.30649, -1.52093, -0.08768, -0.65828, -0.00004] R des[-0.09485, -0.21424,  0.97217][0.13514, 0.96476, 0.22579][-0.98628,  0.15279, -0.06256]
Time: 0.240000 Joint Angle [-0.05614,  0.80750,  0.30658, -1.52081, -0.08768, -0.65828, -0.00004] R des[-0.09485, -0.21424,  0.97217][0.13514, 0.96476, 0.22579][-0.98628,  0.15279, -0.06256]
Time: 0.255000 Joint Angle [-0.05614,  0.80760,  0.30665, -1.52069, -0.08768, -0.65828, -0.00004] R des[-0.09485, -0.21424,  0.97217][0.13514, 0.96476, 0.22579][-0.98628,  0.15279, -0.06256]
Time: 0.270000 Joint Angle [-0.05615,  0.80770,  0.30672, -1.52057, -0.08768, -0.65828, -0.00004] R des[-0.09485, -0.21424,  0.97217][0.13514, 0.96476, 0.22579][-0.98628,  0.15279, -0.06256]
Time: 0.285000 Joint Angle [-0.05615,  0.80780,  0.30678, -1.52045, -0.08768, -0.65828, -0.00004] R des[-0.09485, -0.21424,  0.97217][0.13514, 0.96476, 0.22579][-0.98628,  0.15279, -0.06256]
Time: 0.300000 Joint Angle [-0.05615,  0.80789,  0.30684, -1.52034, -0.08768, -0.65828, -0.00004] R des[-0.09485, -0.21424,  0.97217][0.13514, 0.96476, 0.22579][-0.98628,  0.15279, -0.06256]
Time: 0.315000 Joint Angle [-0.05616,  0.80798,  0.30690, -1.52023, -0.08768, -0.65828, -0.00004] R des[-0.09485, -0.21424,  0.97217][0.13514, 0.96476, 0.22579][-0.98628,  0.15279, -0.06256]
Time: 0.330000 Joint Angle [-0.05616,  0.80808,  0.30696, -1.52011, -0.08768, -0.65829, -0.00004] R des[-0.09485, -0.21424,  0.97217][0.13514, 0.96476, 0.22579][-0.98628,  0.15279, -0.06256]
Time: 0.345000 Joint Angle [-0.05616,  0.80819,  0.30701, -1.51998, -0.08768, -0.65829, -0.00004] R des[-0.09485, -0.21424,  0.97217][0.13514, 0.96476, 0.22579][-0.98628,  0.15279, -0.06256]
Time: 0.360000 Joint Angle [-0.05616,  0.80828,  0.30705, -1.51986, -0.08768, -0.65829, -0.00004] R des[-0.09485, -0.21424,  0.97217][0.13514, 0.96476, 0.22579][-0.98628,  0.15279, -0.06256]
Time: 0.375000 Joint Angle [-0.05617,  0.80836,  0.30708, -1.51975, -0.08768, -0.65830, -0.00004] R des[-0.09485, -0.21424,  0.97217][0.13514, 0.96476, 0.22579][-0.98628,  0.15279, -0.06256]
Time: 0.390000 Joint Angle [-0.05617,  0.80843,  0.30711, -1.51966, -0.08768, -0.65830, -0.00004] R des[-0.09485, -0.21424,  0.97217][0.13514, 0.96476, 0.22579][-0.98628,  0.15279, -0.06256]
Time: 0.405000 Joint Angle [-0.05618,  0.80851,  0.30714, -1.51957, -0.08768, -0.65830, -0.00004] R des[-0.09485, -0.21424,  0.97217][0.13514, 0.96476, 0.22579][-0.98628,  0.15279, -0.06256]
Time: 0.420000 Joint Angle [-0.05618,  0.80859,  0.30717, -1.51948, -0.08768, -0.65831, -0.00004] R des[-0.09485, -0.21424,  0.97217][0.13514, 0.96476, 0.22579][-0.98628,  0.15279, -0.06256]
Time: 0.435000 Joint Angle [-0.05618,  0.80866,  0.30720, -1.51940, -0.08768, -0.65832, -0.00004] R des[-0.09485, -0.21424,  0.97217][0.13514, 0.96476, 0.22579][-0.98628,  0.15279, -0.06256]
Time: 0.450000 Joint Angle [-0.05618,  0.80874,  0.30722, -1.51931, -0.08768, -0.65833, -0.00004] R des[-0.09485, -0.21424,  0.97217][0.13514, 0.96476, 0.22579][-0.98628,  0.15279, -0.06256]
Time: 0.465000 Joint Angle [-0.05619,  0.80882,  0.30724, -1.51923, -0.08768, -0.65835, -0.00004] R des[-0.09485, -0.21424,  0.97217][0.13514, 0.96476, 0.22579][-0.98628,  0.15279, -0.06256]
Time: 0.480000 Joint Angle [-0.05619,  0.80891,  0.30725, -1.51915, -0.08768, -0.65838, -0.00004] R des[-0.09485, -0.21424,  0.97217][0.13514, 0.96476, 0.22579][-0.98628,  0.15279, -0.06256]
Time: 0.495000 Joint Angle [-0.05619,  0.80902,  0.30726, -1.51907, -0.08768, -0.65842, -0.00004] R des[-0.09485, -0.21424,  0.97217][0.13514, 0.96476, 0.22579][-0.98628,  0.15279, -0.06256]
Time: 0.510000 Joint Angle [-0.05619,  0.80913,  0.30727, -1.51898, -0.08768, -0.65848, -0.00004] R des[-0.09485, -0.21424,  0.97217][0.13514, 0.96476, 0.22579][-0.98628,  0.15279, -0.06256]
Time: 0.525000 Joint Angle [-0.05619,  0.80924,  0.30728, -1.51889, -0.08768, -0.65857, -0.00004] R des[-0.09485, -0.21424,  0.97217][0.13514, 0.96476, 0.22579][-0.98628,  0.15279, -0.06256]
Time: 0.540000 Joint Angle [-0.05619,  0.80935,  0.30728, -1.51881, -0.08768, -0.65870, -0.00004] R des[-0.09485, -0.21424,  0.97217][0.13514, 0.96476, 0.22579][-0.98628,  0.15279, -0.06256]
Time: 0.555000 Joint Angle [-0.05619,  0.80946,  0.30729, -1.51874, -0.08768, -0.65887, -0.00004] R des[-0.09485, -0.21424,  0.97217][0.13514, 0.96476, 0.22579][-0.98628,  0.15279, -0.06256]
Time: 0.570000 Joint Angle [-0.05620,  0.80956,  0.30729, -1.51867, -0.08768, -0.65899, -0.00004] R des[-0.09485, -0.21424,  0.97217][0.13514, 0.96476, 0.22579][-0.98628,  0.15279, -0.06256]
Time: 0.585000 Joint Angle [-0.05620,  0.80966,  0.30730, -1.51863, -0.08768, -0.65918, -0.00004] R des[-0.09485, -0.21424,  0.97217][0.13514, 0.96476, 0.22579][-0.98628,  0.15279, -0.06256]
Time: 0.600000 Joint Angle [-0.05620,  0.80974,  0.30730, -1.51861, -0.08768, -0.65934, -0.00004] R des[-0.09485, -0.21424,  0.97217][0.13514, 0.96476, 0.22579][-0.98628,  0.15279, -0.06256]
Time: 0.615000 Joint Angle [-0.05620,  0.80982,  0.30730, -1.51858, -0.08768, -0.65945, -0.00004] R des[-0.09485, -0.21424,  0.97217][0.13514, 0.96476, 0.22579][-0.98628,  0.15279, -0.06256]
Time: 0.630000 Joint Angle [-0.05620,  0.80989,  0.30731, -1.51857, -0.08768, -0.65955, -0.00004] R des[-0.09485, -0.21424,  0.97217][0.13514, 0.96476, 0.22579][-0.98628,  0.15279, -0.06256]
Time: 0.645000 Joint Angle [-0.05620,  0.80997,  0.30731, -1.51855, -0.08768, -0.65967, -0.00004] R des[-0.09485, -0.21424,  0.97217][0.13514, 0.96476, 0.22579][-0.98628,  0.15279, -0.06256]
Time: 0.660000 Joint Angle [-0.05620,  0.81005,  0.30732, -1.51853, -0.08768, -0.65979, -0.00004] R des[-0.09485, -0.21424,  0.97217][0.13514, 0.96476, 0.22579][-0.98628,  0.15279, -0.06256]
Time: 0.675000 Joint Angle [-0.05620,  0.81013,  0.30732, -1.51850, -0.08768, -0.65991, -0.00004] R des[-0.09485, -0.21424,  0.97217][0.13514, 0.96476, 0.22579][-0.98628,  0.15279, -0.06256]
Time: 0.690000 Joint Angle [-0.05620,  0.81022,  0.30733, -1.51846, -0.08768, -0.66000, -0.00004] R des[-0.09485, -0.21424,  0.97217][0.13514, 0.96476, 0.22579][-0.98628,  0.15279, -0.06256]
Time: 0.705000 Joint Angle [-0.05621,  0.81032,  0.30733, -1.51841, -0.08768, -0.66007, -0.00004] R des[-0.09485, -0.21424,  0.97217][0.13514, 0.96476, 0.22579][-0.98628,  0.15279, -0.06256]
Time: 0.720000 Joint Angle [-0.05621,  0.81041,  0.30734, -1.51835, -0.08768, -0.66012, -0.00004] R des[-0.09485, -0.21424,  0.97217][0.13514, 0.96476, 0.22579][-0.98628,  0.15279, -0.06256]
Time: 0.735000 Joint Angle [-0.05621,  0.81049,  0.30734, -1.51829, -0.08768, -0.66015, -0.00004] R des[-0.09485, -0.21424,  0.97217][0.13514, 0.96476, 0.22579][-0.98628,  0.15279, -0.06256]
Time: 0.750000 Joint Angle [-0.05621,  0.81056,  0.30735, -1.51823, -0.08768, -0.66019, -0.00004] R des[-0.09485, -0.21424,  0.97217][0.13514, 0.96476, 0.22579][-0.98628,  0.15279, -0.06256]
Time: 0.765000 Joint Angle [-0.05621,  0.81062,  0.30735, -1.51818, -0.08768, -0.66027, -0.00004] R des[-0.09485, -0.21424,  0.97217][0.13514, 0.96476, 0.22579][-0.98628,  0.15279, -0.06256]
Time: 0.780000 Joint Angle [-0.05621,  0.81065,  0.30735, -1.51814, -0.08768, -0.66031, -0.00004] R des[-0.09485, -0.21424,  0.97217][0.13514, 0.96476, 0.22579][-0.98628,  0.15279, -0.06256]
Time: 0.795000 Joint Angle [-0.05621,  0.81065,  0.30735, -1.51812, -0.08768, -0.66034, -0.00004] R des[-0.09485, -0.21424,  0.97217][0.13514, 0.96476, 0.22579][-0.98628,  0.15279, -0.06256]
Time: 0.810000 Joint Angle [-0.05621,  0.81065,  0.30736, -1.51811, -0.08768, -0.66035, -0.00005] R des[-0.09485, -0.21424,  0.97217][0.13514, 0.96476, 0.22579][-0.98628,  0.15279, -0.06256]
Time: 0.825000 Joint Angle [-0.05621,  0.81064,  0.30736, -1.51810, -0.08768, -0.66036, -0.00005] R des[-0.09485, -0.21424,  0.97217][0.13514, 0.96476, 0.22579][-0.98628,  0.15279, -0.06256]
Time: 0.840000 Joint Angle [-0.05621,  0.81063,  0.30736, -1.51810, -0.08768, -0.66037, -0.00005] R des[-0.09485, -0.21424,  0.97217][0.13514, 0.96476, 0.22579][-0.98628,  0.15279, -0.06256]
Time: 0.855000 Joint Angle [-0.05621,  0.81061,  0.30736, -1.51811, -0.08768, -0.66038, -0.00005] R des[-0.09485, -0.21424,  0.97217][0.13514, 0.96476, 0.22579][-0.98628,  0.15279, -0.06256]
Time: 0.870000 Joint Angle [-0.05621,  0.81059,  0.30736, -1.51811, -0.08768, -0.66038, -0.00005] R des[-0.09485, -0.21424,  0.97217][0.13514, 0.96476, 0.22579][-0.98628,  0.15279, -0.06256]
Time: 0.885000 Joint Angle [-0.05621,  0.81057,  0.30735, -1.51811, -0.08768, -0.66039, -0.00005] R des[-0.09485, -0.21424,  0.97217][0.13514, 0.96476, 0.22579][-0.98628,  0.15279, -0.06256]
Time: 0.900000 Joint Angle [-0.05621,  0.81055,  0.30733, -1.51812, -0.08768, -0.66039, -0.00005] R des[-0.09485, -0.21424,  0.97217][0.13514, 0.96476, 0.22579][-0.98628,  0.15279, -0.06256]
Time: 0.915000 Joint Angle [-0.05621,  0.81053,  0.30731, -1.51813, -0.08768, -0.66039, -0.00005] R des[-0.09485, -0.21424,  0.97217][0.13514, 0.96476, 0.22579][-0.98628,  0.15279, -0.06256]
Time: 0.930000 Joint Angle [-0.05621,  0.81050,  0.30727, -1.51814, -0.08768, -0.66039, -0.00005] R des[-0.09485, -0.21424,  0.97217][0.13514, 0.96476, 0.22579][-0.98628,  0.15279, -0.06256]
Time: 0.945000 Joint Angle [-0.05622,  0.81048,  0.30725, -1.51815, -0.08768, -0.66039, -0.00005] R des[-0.09485, -0.21424,  0.97217][0.13514, 0.96476, 0.22579][-0.98628,  0.15279, -0.06256]
Time: 0.960000 Joint Angle [-0.05622,  0.81045,  0.30722, -1.51817, -0.08768, -0.66039, -0.00005] R des[-0.09485, -0.21424,  0.97217][0.13514, 0.96476, 0.22579][-0.98628,  0.15279, -0.06256]
Time: 0.975000 Joint Angle [-0.05622,  0.81042,  0.30718, -1.51819, -0.08768, -0.66039, -0.00005] R des[-0.09485, -0.21424,  0.97217][0.13514, 0.96476, 0.22579][-0.98628,  0.15279, -0.06256]
Time: 0.990000 Joint Angle [-0.05622,  0.81039,  0.30713, -1.51820, -0.08768, -0.66039, -0.00005] R des[-0.09485, -0.21424,  0.97217][0.13514, 0.96476, 0.22579][-0.98628,  0.15279, -0.06256]
Time: 1.005000 Joint Angle [-0.05622,  0.81037,  0.30709, -1.51821, -0.08768, -0.66039, -0.00005] R des[-0.09485, -0.21424,  0.97217][0.13514, 0.96476, 0.22579][-0.98628,  0.15279, -0.06256]
Time: 1.020000 Joint Angle [-0.05622,  0.81035,  0.30704, -1.51821, -0.08768, -0.66039, -0.00005] R des[-0.09485, -0.21424,  0.97217][0.13514, 0.96476, 0.22579][-0.98628,  0.15279, -0.06256]
Time: 1.035000 Joint Angle [-0.05622,  0.81033,  0.30699, -1.51822, -0.08768, -0.66039, -0.00005] R des[-0.09486, -0.21424,  0.97217][0.13514, 0.96476, 0.22579][-0.98628,  0.15279, -0.06257]
Time: 1.050000 Joint Angle [-0.05622,  0.81031,  0.30694, -1.51823, -0.08768, -0.66039, -0.00005] R des[-0.09488, -0.21423,  0.97216][0.13513, 0.96476, 0.22579][-0.98627,  0.15279, -0.06258]
Time: 1.065000 Joint Angle [-0.05622,  0.81029,  0.30690, -1.51825, -0.08768, -0.66039, -0.00005] R des[-0.09491, -0.21423,  0.97216][0.13513, 0.96476, 0.22579][-0.98627,  0.15280, -0.06262]
Time: 1.080000 Joint Angle [-0.05622,  0.81027,  0.30687, -1.51827, -0.08768, -0.66039, -0.00005] R des[-0.09496, -0.21421,  0.97216][0.13512, 0.96476, 0.22578][-0.98627,  0.15280, -0.06267]
Time: 1.095000 Joint Angle [-0.05622,  0.81025,  0.30684, -1.51829, -0.08768, -0.66039, -0.00005] R des[-0.09504, -0.21420,  0.97216][0.13510, 0.96476, 0.22578][-0.98626,  0.15280, -0.06275]
Time: 1.110000 Joint Angle [-0.05622,  0.81024,  0.30681, -1.51831, -0.08768, -0.66039, -0.00005] R des[-0.09514, -0.21418,  0.97215][0.13508, 0.96477, 0.22577][-0.98626,  0.15280, -0.06286]
Time: 1.125000 Joint Angle [-0.05622,  0.81023,  0.30679, -1.51833, -0.08768, -0.66039, -0.00005] R des[-0.09527, -0.21415,  0.97214][0.13506, 0.96477, 0.22577][-0.98625,  0.15281, -0.06299]
Time: 1.140000 Joint Angle [-0.05622,  0.81021,  0.30678, -1.51836, -0.08768, -0.66039, -0.00005] R des[-0.09544, -0.21412,  0.97213][0.13503, 0.96478, 0.22576][-0.98623,  0.15281, -0.06317]
Time: 1.155000 Joint Angle [-0.05622,  0.81020,  0.30677, -1.51838, -0.08768, -0.66039, -0.00005] R des[-0.09565, -0.21408,  0.97212][0.13499, 0.96479, 0.22575][-0.98622,  0.15282, -0.06338]
Time: 1.170000 Joint Angle [-0.05622,  0.81019,  0.30676, -1.51841, -0.08768, -0.66039, -0.00005] R des[-0.09590, -0.21403,  0.97211][0.13494, 0.96480, 0.22573][-0.98620,  0.15282, -0.06364]
Time: 1.185000 Joint Angle [-0.05622,  0.81018,  0.30675, -1.51844, -0.08768, -0.66039, -0.00005] R des[-0.09619, -0.21398,  0.97209][0.13488, 0.96481, 0.22572][-0.98618,  0.15283, -0.06394]
Time: 1.200000 Joint Angle [-0.05622,  0.81017,  0.30675, -1.51848, -0.08768, -0.66039, -0.00005] R des[-0.09653, -0.21391,  0.97207][0.13482, 0.96482, 0.22570][-0.98616,  0.15284, -0.06430]
Time: 1.215000 Joint Angle [-0.05622,  0.81017,  0.30675, -1.51853, -0.08768, -0.66039, -0.00005] R des[-0.09693, -0.21383,  0.97205][0.13474, 0.96484, 0.22568][-0.98613,  0.15285, -0.06471]
Time: 1.230000 Joint Angle [-0.05622,  0.81016,  0.30675, -1.51858, -0.08768, -0.66039, -0.00005] R des[-0.09738, -0.21374,  0.97202][0.13466, 0.96486, 0.22566][-0.98610,  0.15286, -0.06517]
Time: 1.245000 Joint Angle [-0.05622,  0.81015,  0.30675, -1.51865, -0.08768, -0.66039, -0.00005] R des[-0.09789, -0.21364,  0.97200][0.13456, 0.96488, 0.22563][-0.98606,  0.15288, -0.06570]
Time: 1.260000 Joint Angle [-0.05622,  0.81014,  0.30675, -1.51872, -0.08768, -0.66039, -0.00005] R des[-0.09846, -0.21353,  0.97196][0.13445, 0.96490, 0.22560][-0.98602,  0.15289, -0.06629]
Time: 1.275000 Joint Angle [-0.05622,  0.81013,  0.30675, -1.51880, -0.08768, -0.66039, -0.00005] R des[-0.09910, -0.21341,  0.97192][0.13433, 0.96492, 0.22557][-0.98597,  0.15291, -0.06695]
Time: 1.290000 Joint Angle [-0.05622,  0.81012,  0.30676, -1.51891, -0.08768, -0.66039, -0.00006] R des[-0.09980, -0.21327,  0.97188][0.13420, 0.96495, 0.22553][-0.98592,  0.15293, -0.06768]
Time: 1.305000 Joint Angle [-0.05622,  0.81010,  0.30676, -1.51903, -0.08768, -0.66039, -0.00006] R des[-0.10058, -0.21312,  0.97184][0.13405, 0.96498, 0.22549][-0.98586,  0.15295, -0.06849]
Time: 1.320000 Joint Angle [-0.05622,  0.81008,  0.30676, -1.51917, -0.08768, -0.66039, -0.00006] R des[-0.10142, -0.21295,  0.97178][0.13389, 0.96501, 0.22544][-0.98579,  0.15297, -0.06936]
Time: 1.335000 Joint Angle [-0.05622,  0.81006,  0.30676, -1.51932, -0.08768, -0.66038, -0.00006] R des[-0.10235, -0.21277,  0.97173][0.13371, 0.96505, 0.22539][-0.98572,  0.15300, -0.07032]
Time: 1.350000 Joint Angle [-0.05622,  0.81002,  0.30676, -1.51950, -0.08768, -0.66038, -0.00006] R des[-0.10335, -0.21257,  0.97166][0.13352, 0.96509, 0.22534][-0.98564,  0.15303, -0.07136]
Time: 1.365000 Joint Angle [-0.05622,  0.80998,  0.30676, -1.51971, -0.08768, -0.66038, -0.00006] R des[-0.10443, -0.21236,  0.97159][0.13332, 0.96513, 0.22528][-0.98556,  0.15306, -0.07248]
Time: 1.380000 Joint Angle [-0.05622,  0.80993,  0.30675, -1.51994, -0.08768, -0.66038, -0.00006] R des[-0.10559, -0.21213,  0.97152][0.13309, 0.96518, 0.22521][-0.98546,  0.15309, -0.07368]
Time: 1.395000 Joint Angle [-0.05622,  0.80989,  0.30675, -1.52018, -0.08768, -0.66038, -0.00006] R des[-0.10684, -0.21189,  0.97144][0.13286, 0.96522, 0.22515][-0.98536,  0.15312, -0.07498]
Time: 1.410000 Joint Angle [-0.05622,  0.80983,  0.30675, -1.52045, -0.08768, -0.66037, -0.00006] R des[-0.10818, -0.21163,  0.97134][0.13260, 0.96528, 0.22507][-0.98525,  0.15315, -0.07636]
Time: 1.425000 Joint Angle [-0.05622,  0.80976,  0.30675, -1.52072, -0.08768, -0.66036, -0.00006] R des[-0.10961, -0.21135,  0.97125][0.13233, 0.96533, 0.22499][-0.98513,  0.15319, -0.07784]
Time: 1.440000 Joint Angle [-0.05622,  0.80970,  0.30675, -1.52099, -0.08768, -0.66035, -0.00006] R des[-0.11113, -0.21105,  0.97114][0.13204, 0.96539, 0.22491][-0.98500,  0.15323, -0.07941]
Time: 1.455000 Joint Angle [-0.05622,  0.80965,  0.30675, -1.52125, -0.08768, -0.66033, -0.00006] R des[-0.11274, -0.21073,  0.97102][0.13174, 0.96545, 0.22482][-0.98485,  0.15327, -0.08108]
Time: 1.470000 Joint Angle [-0.05622,  0.80958,  0.30675, -1.52158, -0.08768, -0.66033, -0.00006] R des[-0.11444, -0.21040,  0.97089][0.13141, 0.96552, 0.22472][-0.98470,  0.15331, -0.08285]
Time: 1.485000 Joint Angle [-0.05622,  0.80950,  0.30675, -1.52197, -0.08768, -0.66033, -0.00006] R des[-0.11625, -0.21004,  0.97076][0.13107, 0.96559, 0.22462][-0.98453,  0.15335, -0.08472]
Time: 1.500000 Joint Angle [-0.05622,  0.80941,  0.30674, -1.52245, -0.08768, -0.66033, -0.00006] R des[-0.11815, -0.20967,  0.97061][0.13071, 0.96566, 0.22451][-0.98436,  0.15340, -0.08669]
Time: 1.515000 Joint Angle [-0.05622,  0.80929,  0.30673, -1.52299, -0.08768, -0.66033, -0.00006] R des[-0.12015, -0.20928,  0.97045][0.13033, 0.96574, 0.22440][-0.98416,  0.15344, -0.08876]
Time: 1.530000 Joint Angle [-0.05622,  0.80916,  0.30671, -1.52360, -0.08768, -0.66033, -0.00006] R des[-0.12225, -0.20886,  0.97027][0.12994, 0.96582, 0.22428][-0.98396,  0.15349, -0.09094]
Time: 1.545000 Joint Angle [-0.05622,  0.80899,  0.30670, -1.52428, -0.08768, -0.66033, -0.00006] R des[-0.12446, -0.20843,  0.97009][0.12952, 0.96591, 0.22415][-0.98374,  0.15354, -0.09322]
Time: 1.560000 Joint Angle [-0.05622,  0.80878,  0.30667, -1.52502, -0.08768, -0.66032, -0.00006] R des[-0.12677, -0.20797,  0.96988][0.12908, 0.96600, 0.22401][-0.98350,  0.15359, -0.09562]
Time: 1.575000 Joint Angle [-0.05622,  0.80853,  0.30663, -1.52584, -0.08767, -0.66028, -0.00006] R des[-0.12919, -0.20750,  0.96967][0.12862, 0.96609, 0.22387][-0.98324,  0.15364, -0.09812]
Time: 1.590000 Joint Angle [-0.05623,  0.80824,  0.30658, -1.52674, -0.08767, -0.66023, -0.00006] R des[-0.13171, -0.20700,  0.96943][0.12815, 0.96619, 0.22372][-0.98297,  0.15370, -0.10073]
Time: 1.605000 Joint Angle [-0.05623,  0.80791,  0.30654, -1.52769, -0.08767, -0.66017, -0.00006] R des[-0.13434, -0.20648,  0.96918][0.12765, 0.96629, 0.22356][-0.98268,  0.15375, -0.10345]
Time: 1.620000 Joint Angle [-0.05623,  0.80754,  0.30648, -1.52873, -0.08767, -0.66005, -0.00006] R des[-0.13708, -0.20594,  0.96892][0.12713, 0.96640, 0.22339][-0.98237,  0.15380, -0.10629]
Time: 1.635000 Joint Angle [-0.05624,  0.80713,  0.30641, -1.52985, -0.08767, -0.65997, -0.00006] R des[-0.13993, -0.20538,  0.96863][0.12660, 0.96651, 0.22322][-0.98204,  0.15386, -0.10924]
Time: 1.650000 Joint Angle [-0.05624,  0.80666,  0.30631, -1.53102, -0.08766, -0.65987, -0.00006] R des[-0.14288, -0.20480,  0.96832][0.12604, 0.96663, 0.22304][-0.98168,  0.15391, -0.11230]
Time: 1.665000 Joint Angle [-0.05625,  0.80614,  0.30619, -1.53232, -0.08766, -0.65963, -0.00006] R des[-0.14595, -0.20419,  0.96799][0.12546, 0.96675, 0.22284][-0.98130,  0.15397, -0.11548]
Time: 1.680000 Joint Angle [-0.05625,  0.80557,  0.30604, -1.53371, -0.08766, -0.65941, -0.00006] R des[-0.14914, -0.20356,  0.96764][0.12486, 0.96687, 0.22264][-0.98090,  0.15403, -0.11878]
Time: 1.695000 Joint Angle [-0.05626,  0.80492,  0.30590, -1.53511, -0.08765, -0.65917, -0.00006] R des[-0.15243, -0.20291,  0.96726][0.12424, 0.96700, 0.22243][-0.98047,  0.15408, -0.12219]
Time: 1.710000 Joint Angle [-0.05627,  0.80423,  0.30574, -1.53662, -0.08765, -0.65872, -0.00005] R des[-0.15583, -0.20223,  0.96686][0.12360, 0.96713, 0.22221][-0.98002,  0.15413, -0.12572]
Time: 1.725000 Joint Angle [-0.05629,  0.80350,  0.30557, -1.53828, -0.08764, -0.65840, -0.00005] R des[-0.15935, -0.20154,  0.96643][0.12294, 0.96727, 0.22198][-0.97954,  0.15419, -0.12936]
Time: 1.740000 Joint Angle [-0.05631,  0.80262,  0.30540, -1.53990, -0.08764, -0.65817, -0.00005] R des[-0.16299, -0.20082,  0.96598][0.12226, 0.96741, 0.22174][-0.97902,  0.15424, -0.13312]
Time: 1.755000 Joint Angle [-0.05633,  0.80170,  0.30520, -1.54163, -0.08763, -0.65769, -0.00005] R des[-0.16673, -0.20007,  0.96549][0.12156, 0.96756, 0.22149][-0.97848,  0.15429, -0.13700]
Time: 1.770000 Joint Angle [-0.05635,  0.80079,  0.30500, -1.54357, -0.08762, -0.65705, -0.00005] R des[-0.17059, -0.19930,  0.96497][0.12084, 0.96771, 0.22123][-0.97790,  0.15434, -0.14100]
Time: 1.785000 Joint Angle [-0.05638,  0.79970,  0.30485, -1.54552, -0.08758, -0.65648, -0.00005] R des[-0.17457, -0.19851,  0.96443][0.12009, 0.96786, 0.22096][-0.97729,  0.15439, -0.14512]
Time: 1.800000 Joint Angle [-0.05642,  0.79857,  0.30468, -1.54756, -0.08743, -0.65584, -0.00005] R des[-0.17866, -0.19770,  0.96384][0.11933, 0.96802, 0.22068][-0.97665,  0.15444, -0.14935]
Time: 1.815000 Joint Angle [-0.05645,  0.79745,  0.30448, -1.54986, -0.08698, -0.65509, -0.00005] R des[-0.18286, -0.19686,  0.96323][0.11854, 0.96818, 0.22038][-0.97597,  0.15448, -0.15370]
Time: 1.830000 Joint Angle [-0.05649,  0.79608,  0.30435, -1.55210, -0.08638, -0.65434, -0.00005] R des[-0.18717, -0.19600,  0.96257][0.11774, 0.96835, 0.22007][-0.97525,  0.15452, -0.15817]
Time: 1.845000 Joint Angle [-0.05652,  0.79466,  0.30425, -1.55449, -0.08570, -0.65347, -0.00005] R des[-0.19160, -0.19512,  0.96188][0.11691, 0.96852, 0.21975][-0.97448,  0.15456, -0.16276]
Time: 1.860000 Joint Angle [-0.05655,  0.79325,  0.30414, -1.55711, -0.08490, -0.65229, -0.00005] R des[-0.19615, -0.19421,  0.96115][0.11607, 0.96870, 0.21942][-0.97368,  0.15460, -0.16747]
Time: 1.875000 Joint Angle [-0.05659,  0.79163,  0.30407, -1.55974, -0.08396, -0.65123, -0.00005] R des[-0.20080, -0.19328,  0.96038][0.11520, 0.96888, 0.21908][-0.97283,  0.15463, -0.17229]
Time: 1.890000 Joint Angle [-0.05662,  0.78986,  0.30404, -1.56235, -0.08296, -0.64986, -0.00006] R des[-0.20557, -0.19232,  0.95956][0.11431, 0.96907, 0.21872][-0.97194,  0.15465, -0.17723]
Time: 1.905000 Joint Angle [-0.05665,  0.78817,  0.30395, -1.56522, -0.08197, -0.64808, -0.00006] R des[-0.21045, -0.19135,  0.95870][0.11341, 0.96926, 0.21835][-0.97100,  0.15468, -0.18228]
Time: 1.920000 Joint Angle [-0.05668,  0.78630,  0.30389, -1.56821, -0.08089, -0.64655, -0.00006] R des[-0.21544, -0.19035,  0.95779][0.11248, 0.96945, 0.21797][-0.97002,  0.15469, -0.18745]
Time: 1.935000 Joint Angle [-0.05672,  0.78419,  0.30389, -1.57113, -0.07969, -0.64501, -0.00006] R des[-0.22054, -0.18932,  0.95683][0.11154, 0.96965, 0.21757][-0.96898,  0.15471, -0.19273]
Time: 1.950000 Joint Angle [-0.05675,  0.78213,  0.30382, -1.57429, -0.07854, -0.64301, -0.00006] R des[-0.22575, -0.18827,  0.95582][0.11058, 0.96985, 0.21715][-0.96789,  0.15471, -0.19813]
Time: 1.965000 Joint Angle [-0.05678,  0.78000,  0.30373, -1.57763, -0.07727, -0.64095, -0.00006] R des[-0.23107, -0.18720,  0.95476][0.10960, 0.97006, 0.21673][-0.96675,  0.15472, -0.20363]
Time: 1.980000 Joint Angle [-0.05682,  0.77753,  0.30370, -1.58080, -0.07595, -0.63888, -0.00006] R des[-0.23649, -0.18611,  0.95364][0.10860, 0.97027, 0.21628][-0.96555,  0.15471, -0.20925]
Time: 1.995000 Joint Angle [-0.05685,  0.77501,  0.30363, -1.58403, -0.07460, -0.63607, -0.00006] R des[-0.24203, -0.18499,  0.95247][0.10758, 0.97049, 0.21583][-0.96429,  0.15470, -0.21498]
Time: 2.010000 Joint Angle [-0.05687,  0.77256,  0.30349, -1.58760, -0.07314, -0.63327, -0.00006] R des[-0.24767, -0.18385,  0.95124][0.10654, 0.97071, 0.21535][-0.96297,  0.15468, -0.22082]
Time: 2.025000 Joint Angle [-0.05691,  0.76978,  0.30342, -1.59110, -0.07172, -0.63063, -0.00006] R des[-0.25341, -0.18269,  0.94995][0.10549, 0.97093, 0.21486][-0.96159,  0.15465, -0.22677]
Time: 2.040000 Joint Angle [-0.05693,  0.76691,  0.30329, -1.59463, -0.07022, -0.62742, -0.00006] R des[-0.25925, -0.18150,  0.94860][0.10441, 0.97116, 0.21436][-0.96015,  0.15462, -0.23282]
Time: 2.055000 Joint Angle [-0.05696,  0.76416,  0.30305, -1.59845, -0.06865, -0.62416, -0.00006] R des[-0.26520, -0.18030,  0.94719][0.10333, 0.97139, 0.21384][-0.95864,  0.15458, -0.23898]
Time: 2.070000 Joint Angle [-0.05699,  0.76104,  0.30290, -1.60211, -0.06711, -0.62115, -0.00006] R des[-0.27125, -0.17907,  0.94571][0.10222, 0.97163, 0.21330][-0.95707,  0.15453, -0.24524]
Time: 2.085000 Joint Angle [-0.05701,  0.75777,  0.30275, -1.60568, -0.06555, -0.61739, -0.00006] R des[-0.27739, -0.17782,  0.94416][0.10110, 0.97186, 0.21274][-0.95542,  0.15446, -0.25161]
Time: 2.100000 Joint Angle [-0.05702,  0.75466,  0.30248, -1.60968, -0.06388, -0.61319, -0.00007] R des[-0.28363, -0.17655,  0.94254][0.09996, 0.97211, 0.21217][-0.95371,  0.15439, -0.25807]
Time: 2.115000 Joint Angle [-0.05705,  0.75123,  0.30226, -1.61366, -0.06221, -0.60932, -0.00007] R des[-0.28997, -0.17525,  0.94085][0.09881, 0.97235, 0.21157][-0.95192,  0.15431, -0.26464]
Time: 2.130000 Joint Angle [-0.05707,  0.74755,  0.30209, -1.61744, -0.06047, -0.60500, -0.00007] R des[-0.29640, -0.17394,  0.93909][0.09764, 0.97260, 0.21097][-0.95006,  0.15422, -0.27130]
Time: 2.145000 Joint Angle [-0.05708,  0.74410,  0.30172, -1.62150, -0.05864, -0.60024, -0.00007] R des[-0.30292, -0.17260,  0.93725][0.09646, 0.97286, 0.21034][-0.94812,  0.15412, -0.27805]
Time: 2.160000 Joint Angle [-0.05710,  0.74049,  0.30137, -1.62569, -0.05688, -0.59580, -0.00007] R des[-0.30953, -0.17125,  0.93534][0.09526, 0.97312, 0.20969][-0.94610,  0.15401, -0.28490]
Time: 2.175000 Joint Angle [-0.05710,  0.73645,  0.30112, -1.62959, -0.05515, -0.59110, -0.00008] R des[-0.31623, -0.16987,  0.93335][0.09405, 0.97338, 0.20903][-0.94401,  0.15388, -0.29184]
Time: 2.190000 Joint Angle [-0.05711,  0.73258,  0.30075, -1.63369, -0.05334, -0.58536, -0.00008] R des[-0.32302, -0.16848,  0.93128][0.09283, 0.97364, 0.20834][-0.94183,  0.15375, -0.29887]
Time: 2.205000 Joint Angle [-0.05713,  0.72875,  0.30033, -1.63813, -0.05141, -0.57999, -0.00008] R des[-0.32989, -0.16706,  0.92912][0.09159, 0.97391, 0.20764][-0.93957,  0.15360, -0.30598]
Time: 2.220000 Joint Angle [-0.05716,  0.72441,  0.30006, -1.64219, -0.04965, -0.57498, -0.00010] R des[-0.33684, -0.16563,  0.92688][0.09034, 0.97418, 0.20691][-0.93722,  0.15343, -0.31318]
Time: 2.235000 Joint Angle [-0.05717,  0.72014,  0.29967, -1.64624, -0.04772, -0.56877, -0.00012] R des[-0.34387, -0.16418,  0.92456][0.08908, 0.97445, 0.20617][-0.93478,  0.15326, -0.32046]
Time: 2.250000 Joint Angle [-0.05717,  0.71614,  0.29911, -1.65079, -0.04583, -0.56238, -0.00012] R des[-0.35097, -0.16271,  0.92214][0.08781, 0.97473, 0.20541][-0.93226,  0.15307, -0.32781]
Time: 2.265000 Joint Angle [-0.05718,  0.71156,  0.29884, -1.65504, -0.04398, -0.55689, -0.00012] R des[-0.35815, -0.16122,  0.91964][0.08653, 0.97501, 0.20462][-0.92965,  0.15286, -0.33525]
Time: 2.280000 Joint Angle [-0.05719,  0.70689,  0.29852, -1.65904, -0.04207, -0.55019, -0.00013] R des[-0.36540, -0.15971,  0.91705][0.08524, 0.97529, 0.20382][-0.92694,  0.15264, -0.34276]
Time: 2.295000 Joint Angle [-0.05721,  0.70269,  0.29795, -1.66362, -0.04005, -0.54311, -0.00015] R des[-0.37272, -0.15819,  0.91436][0.08393, 0.97558, 0.20299][-0.92414,  0.15241, -0.35034]
Time: 2.310000 Joint Angle [-0.05723,  0.69792,  0.29758, -1.66786, -0.03818, -0.53697, -0.00015] R des[-0.38011, -0.15665,  0.91158][0.08262, 0.97586, 0.20215][-0.92124,  0.15215, -0.35799]
Time: 2.325000 Joint Angle [-0.05723,  0.69282,  0.29726, -1.67165, -0.03628, -0.52988, -0.00017] R des[-0.38756, -0.15509,  0.90871][0.08130, 0.97615, 0.20128][-0.91825,  0.15189, -0.36571]
Time: 2.340000 Joint Angle [-0.05723,  0.68856,  0.29664, -1.67641, -0.03416, -0.52155, -0.00018] R des[-0.39507, -0.15352,  0.90573][0.07998, 0.97645, 0.20039][-0.91516,  0.15160, -0.37349]
Time: 2.355000 Joint Angle [-0.05725,  0.68369,  0.29624, -1.68088, -0.03215, -0.51441, -0.00019] R des[-0.40264, -0.15193,  0.90266][0.07864, 0.97674, 0.19948][-0.91197,  0.15130, -0.38133]
Time: 2.370000 Joint Angle [-0.05728,  0.67827,  0.29598, -1.68449, -0.03016, -0.50654, -0.00022] R des[-0.41026, -0.15033,  0.89949][0.07730, 0.97704, 0.19855][-0.90868,  0.15099, -0.38922]
Time: 2.385000 Joint Angle [-0.05728,  0.67360,  0.29534, -1.68880, -0.02803, -0.49786, -0.00026] R des[-0.41794, -0.14871,  0.89622][0.07595, 0.97734, 0.19759][-0.90529,  0.15065, -0.39717]
Time: 2.400000 Joint Angle [-0.05729,  0.66881,  0.29485, -1.69343, -0.02599, -0.49020, -0.00027] R des[-0.42567, -0.14708,  0.89285][0.07460, 0.97764, 0.19662][-0.90180,  0.15030, -0.40518]
Time: 2.415000 Joint Angle [-0.05731,  0.66317,  0.29468, -1.69707, -0.02402, -0.48205, -0.00032] R des[-0.43344, -0.14544,  0.88937][0.07324, 0.97794, 0.19562][-0.89820,  0.14993, -0.41323]
Time: 2.430000 Joint Angle [-0.05729,  0.65825,  0.29412, -1.70112, -0.02187, -0.47253, -0.00039] R des[-0.44126, -0.14378,  0.88579][0.07188, 0.97824, 0.19460][-0.89450,  0.14954, -0.42132]
Time: 2.445000 Joint Angle [-0.05731,  0.65328,  0.29358, -1.70543, -0.01969, -0.46386, -0.00040] R des[-0.44912, -0.14212,  0.88210][0.07052, 0.97855, 0.19356][-0.89069,  0.14913, -0.42946]
Time: 2.460000 Joint Angle [-0.05734,  0.64766,  0.29340, -1.70909, -0.01774, -0.45493, -0.00040] R des[-0.45701, -0.14044,  0.87830][0.06915, 0.97886, 0.19250][-0.88677,  0.14871, -0.43764]
Time: 2.475000 Joint Angle [-0.05733,  0.64252,  0.29299, -1.71298, -0.01552, -0.44484, -0.00042] R des[-0.46494, -0.13875,  0.87440][0.06778, 0.97917, 0.19141][-0.88274,  0.14826, -0.44585]
Time: 2.490000 Joint Angle [-0.05733,  0.63753,  0.29242, -1.71716, -0.01326, -0.43520, -0.00042] R des[-0.47290, -0.13705,  0.87039][0.06641, 0.97948, 0.19030][-0.87861,  0.14779, -0.45409]
Time: 2.505000 Joint Angle [-0.05735,  0.63181,  0.29218, -1.72057, -0.01119, -0.42578, -0.00041] R des[-0.48089, -0.13534,  0.86627][0.06503, 0.97979, 0.18917][-0.87437,  0.14731, -0.46237]
Time: 2.520000 Joint Angle [-0.05734,  0.62648,  0.29176, -1.72410, -0.00901, -0.41492, -0.00042] R des[-0.48890, -0.13362,  0.86205][0.06366, 0.98010, 0.18802][-0.87001,  0.14680, -0.47066]
Time: 2.535000 Joint Angle [-0.05734,  0.62155,  0.29123, -1.72815, -0.00678, -0.40455, -0.00042] R des[-0.49693, -0.13189,  0.85771][0.06229, 0.98041, 0.18685][-0.86555,  0.14628, -0.47898]
Time: 2.550000 Joint Angle [-0.05735,  0.61591,  0.29100, -1.73153, -0.00469, -0.39480, -0.00041] R des[-0.50498, -0.13015,  0.85326][0.06092, 0.98073, 0.18565][-0.86098,  0.14573, -0.48732]
Time: 2.565000 Joint Angle [-0.05735,  0.61046,  0.29063, -1.73463, -0.00251, -0.38358, -0.00042] R des[-0.51305, -0.12841,  0.84870][0.05955, 0.98104, 0.18443][-0.85629,  0.14516, -0.49567]
Time: 2.580000 Joint Angle [-0.05734,  0.60546,  0.29003, -1.73826, -0.00028, -0.37227, -0.00042] R des[-0.52112, -0.12666,  0.84403][0.05818, 0.98135, 0.18319][-0.85150,  0.14457, -0.50404]
Time: 2.595000 Joint Angle [-0.05735,  0.59996,  0.28973, -1.74145,  0.00182, -0.36180, -0.00041] R des[-0.52921, -0.12490,  0.83925][0.05682, 0.98167, 0.18193][-0.84659,  0.14396, -0.51241]
Time: 2.610000 Joint Angle [-0.05735,  0.59435,  0.28942, -1.74418,  0.00391, -0.35050, -0.00043] R des[-0.53729, -0.12314,  0.83436][0.05546, 0.98198, 0.18064][-0.84157,  0.14333, -0.52078]
Time: 2.625000 Joint Angle [-0.05734,  0.58945,  0.28883, -1.74748,  0.00612, -0.33824, -0.00043] R des[-0.54538, -0.12138,  0.82935][0.05410, 0.98230, 0.17934][-0.83644,  0.14267, -0.52916]
Time: 2.640000 Joint Angle [-0.05735,  0.58409,  0.28851, -1.75041,  0.00823, -0.32722, -0.00041] R des[-0.55347, -0.11961,  0.82424][0.05275, 0.98261, 0.17801][-0.83120,  0.14200, -0.53754]
Time: 2.655000 Joint Angle [-0.05735,  0.57867,  0.28821, -1.75299,  0.01027, -0.31541, -0.00042] R des[-0.56155, -0.11784,  0.81901][0.05140, 0.98293, 0.17666][-0.82585,  0.14130, -0.54590]
Time: 2.670000 Joint Angle [-0.05734,  0.57367,  0.28762, -1.75576,  0.01244, -0.30316, -0.00043] R des[-0.56962, -0.11606,  0.81367][0.05006, 0.98324, 0.17529][-0.82038,  0.14058, -0.55426]
Time: 2.685000 Joint Angle [-0.05735,  0.56851,  0.28720, -1.75845,  0.01445, -0.29131, -0.00041] R des[-0.57767, -0.11428,  0.80823][0.04873, 0.98356, 0.17390][-0.81481,  0.13984, -0.56261]
Time: 2.700000 Joint Angle [-0.05735,  0.56325,  0.28690, -1.76077,  0.01640, -0.27907, -0.00042] R des[-0.58572, -0.11250,  0.80267][0.04741, 0.98387, 0.17249][-0.80913,  0.13908, -0.57094]
Time: 2.715000 Joint Angle [-0.05734,  0.55836,  0.28638, -1.76314,  0.01846, -0.26636, -0.00043] R des[-0.59374, -0.11072,  0.79700][0.04609, 0.98418, 0.17106][-0.80334,  0.13830, -0.57924]
Time: 2.730000 Joint Angle [-0.05735,  0.55337,  0.28592, -1.76540,  0.02037, -0.25387, -0.00042] R des[-0.60174, -0.10894,  0.79123][0.04478, 0.98449, 0.16961][-0.79744,  0.13749, -0.58753]
Time: 2.745000 Joint Angle [-0.05735,  0.54830,  0.28557, -1.76737,  0.02223, -0.24137, -0.00042] R des[-0.60971, -0.10717,  0.78535][0.04348, 0.98480, 0.16814][-0.79143,  0.13666, -0.59578]
Time: 2.760000 Joint Angle [-0.05735,  0.54352,  0.28509, -1.76942,  0.02409, -0.22855, -0.00042] R des[-0.61765, -0.10539,  0.77936][0.04219, 0.98511, 0.16665][-0.78532,  0.13582, -0.60401]
Time: 2.775000 Joint Angle [-0.05735,  0.53873,  0.28460, -1.77137,  0.02590, -0.21569, -0.00042] R des[-0.62556, -0.10361,  0.77326][0.04092, 0.98542, 0.16514][-0.77910,  0.13494, -0.61220]
Time: 2.790000 Joint Angle [-0.05735,  0.53389,  0.28420, -1.77297,  0.02768, -0.20270, -0.00042] R des[-0.63344, -0.10184,  0.76706][0.03965, 0.98573, 0.16361][-0.77278,  0.13405, -0.62036]
Time: 2.805000 Joint Angle [-0.05734,  0.52923,  0.28374, -1.77452,  0.02943, -0.18935, -0.00042] R des[-0.64127, -0.10007,  0.76076][0.03839, 0.98603, 0.16207][-0.76635,  0.13314, -0.62847]
Time: 2.820000 Joint Angle [-0.05734,  0.52472,  0.28325, -1.77612,  0.03114, -0.17614, -0.00042] R des[-0.64906, -0.09831,  0.75436][0.03715, 0.98634, 0.16050][-0.75983,  0.13220, -0.63654]
Time: 2.835000 Joint Angle [-0.05735,  0.52015,  0.28287, -1.77740,  0.03281, -0.16296, -0.00042] R des[-0.65681, -0.09655,  0.74785][0.03592, 0.98664, 0.15892][-0.75320,  0.13124, -0.64456]
Time: 2.850000 Joint Angle [-0.05735,  0.51566,  0.28243, -1.77850,  0.03443, -0.14945, -0.00042] R des[-0.66451, -0.09479,  0.74125][0.03470, 0.98694, 0.15732][-0.74648,  0.13027, -0.65254]
Time: 2.865000 Joint Angle [-0.05734,  0.51137,  0.28192, -1.77967,  0.03607, -0.13577, -0.00042] R des[-0.67215, -0.09304,  0.73454][0.03350, 0.98723, 0.15571][-0.73965,  0.12927, -0.66045]
Time: 2.880000 Joint Angle [-0.05735,  0.50710,  0.28149, -1.78068,  0.03757, -0.12236, -0.00042] R des[-0.67974, -0.09130,  0.72775][0.03231, 0.98753, 0.15408][-0.73274,  0.12825, -0.66832]
Time: 2.895000 Joint Angle [-0.05735,  0.50291,  0.28106, -1.78149,  0.03910, -0.10881, -0.00042] R des[-0.68728, -0.08957,  0.72085][0.03114, 0.98782, 0.15243][-0.72573,  0.12721, -0.67612]
Time: 2.910000 Joint Angle [-0.05734,  0.49882,  0.28058, -1.78225,  0.04054, -0.09512, -0.00042] R des[-0.69475, -0.08784,  0.71387][0.02998, 0.98811, 0.15077][-0.71863,  0.12615, -0.68386]
Time: 2.925000 Joint Angle [-0.05735,  0.49487,  0.28014, -1.78289,  0.04195, -0.08144, -0.00042] R des[-0.70216, -0.08612,  0.70680][0.02884, 0.98840, 0.14909][-0.71144,  0.12507, -0.69153]
Time: 2.940000 Joint Angle [-0.05735,  0.49094,  0.27974, -1.78333,  0.04334, -0.06776, -0.00041] R des[-0.70950, -0.08441,  0.69963][0.02772, 0.98869, 0.14740][-0.70416,  0.12397, -0.69913]
Time: 2.955000 Joint Angle [-0.05734,  0.48721,  0.27925, -1.78378,  0.04460, -0.05397, -0.00041] R des[-0.71677, -0.08271,  0.69238][0.02661, 0.98897, 0.14569][-0.69680,  0.12285, -0.70667]
Time: 2.970000 Joint Angle [-0.05734,  0.48357,  0.27877, -1.78410,  0.04592, -0.04021, -0.00041] R des[-0.72397, -0.08103,  0.68505][0.02552, 0.98925, 0.14397][-0.68936,  0.12171, -0.71413]
Time: 2.985000 Joint Angle [-0.05734,  0.47991,  0.27836, -1.78419,  0.04708, -0.02648, -0.00041] R des[-0.73110, -0.07935,  0.67764][0.02444, 0.98953, 0.14224][-0.68183,  0.12056, -0.72151]
Time: 3.000000 Joint Angle [-0.05734,  0.47648,  0.27795, -1.78424,  0.04823, -0.01245, -0.00041] R des[-0.73815, -0.07768,  0.67015][0.02339, 0.98980, 0.14050][-0.67423,  0.11938, -0.72881]
Time: 3.015000 Joint Angle [-0.05734,  0.47312,  0.27749, -1.78423,  0.04941,  0.00151, -0.00041] R des[-0.74512, -0.07603,  0.66258][0.02235, 0.99008, 0.13874][-0.66655,  0.11819, -0.73603]
Time: 3.030000 Joint Angle [-0.05734,  0.46982,  0.27702, -1.78413,  0.05044,  0.01531, -0.00041] R des[-0.75201, -0.07439,  0.65494][0.02133, 0.99034, 0.13698][-0.65880,  0.11698, -0.74316]
Time: 3.045000 Joint Angle [-0.05734,  0.46662,  0.27652, -1.78401,  0.05141,  0.02913, -0.00040] R des[-0.75882, -0.07276,  0.64722][0.02033, 0.99061, 0.13520][-0.65098,  0.11575, -0.75021]
Time: 3.060000 Joint Angle [-0.05734,  0.46357,  0.27607, -1.78390,  0.05236,  0.04301, -0.00040] R des[-0.76554, -0.07115,  0.63944][0.01935, 0.99087, 0.13342][-0.64310,  0.11451, -0.75717]
Time: 3.075000 Joint Angle [-0.05734,  0.46053,  0.27567, -1.78363,  0.05324,  0.05672, -0.00039] R des[-0.77217, -0.06955,  0.63160][0.01839, 0.99113, 0.13162][-0.63515,  0.11325, -0.76404]
Time: 3.090000 Joint Angle [-0.05734,  0.45763,  0.27521, -1.78326,  0.05408,  0.07044, -0.00038] R des[-0.77872, -0.06797,  0.62369][0.01745, 0.99138, 0.12982][-0.62714,  0.11197, -0.77082]
Time: 3.105000 Joint Angle [-0.05734,  0.45484,  0.27473, -1.78288,  0.05489,  0.08431, -0.00038] R des[-0.78517, -0.06640,  0.61572][0.01653, 0.99164, 0.12801][-0.61906,  0.11068, -0.77750]
Time: 3.120000 Joint Angle [-0.05734,  0.45211,  0.27426, -1.78244,  0.05566,  0.09807, -0.00037] R des[-0.79152, -0.06484,  0.60769][0.01563, 0.99188, 0.12619][-0.61094,  0.10938, -0.78409]
