Time: 0.000000 Joint Angle [-0.05611,  0.80614,  0.30571, -1.52129, -0.08769, -0.65841, -0.00001] R des[-0.09485, -0.21424,  0.97217][0.13514, 0.96476, 0.22579][-0.98628,  0.15279, -0.06256]
Time: 0.015000 Joint Angle [-0.05611,  0.80614,  0.30570, -1.52130, -0.08769, -0.65840, -0.00002] R des[-0.09485, -0.21424,  0.97217][0.13514, 0.96476, 0.22579][-0.98628,  0.15279, -0.06256]
Time: 0.030000 Joint Angle [-0.05611,  0.80614,  0.30570, -1.52132, -0.08769, -0.65840, -0.00002] R des[-0.09485, -0.21424,  0.97217][0.13514, 0.96476, 0.22579][-0.98628,  0.15279, -0.06256]
Time: 0.045000 Joint Angle [-0.05611,  0.80617,  0.30570, -1.52135, -0.08769, -0.65836, -0.00002] R des[-0.09485, -0.21424,  0.97217][0.13514, 0.96476, 0.22579][-0.98628,  0.15279, -0.06256]
Time: 0.060000 Joint Angle [-0.05612,  0.80621,  0.30570, -1.52137, -0.08769, -0.65827, -0.00002] R des[-0.09485, -0.21424,  0.97217][0.13514, 0.96476, 0.22579][-0.98628,  0.15279, -0.06256]
Time: 0.075000 Joint Angle [-0.05612,  0.80629,  0.30571, -1.52139, -0.08769, -0.65825, -0.00002] R des[-0.09485, -0.21424,  0.97217][0.13514, 0.96476, 0.22579][-0.98628,  0.15279, -0.06256]
Time: 0.090000 Joint Angle [-0.05612,  0.80639,  0.30571, -1.52140, -0.08769, -0.65824, -0.00003] R des[-0.09485, -0.21424,  0.97217][0.13514, 0.96476, 0.22579][-0.98628,  0.15279, -0.06256]
Time: 0.105000 Joint Angle [-0.05612,  0.80652,  0.30571, -1.52141, -0.08769, -0.65824, -0.00003] R des[-0.09485, -0.21424,  0.97217][0.13514, 0.96476, 0.22579][-0.98628,  0.15279, -0.06256]
Time: 0.120000 Joint Angle [-0.05612,  0.80666,  0.30571, -1.52141, -0.08769, -0.65821, -0.00003] R des[-0.09485, -0.21424,  0.97217][0.13514, 0.96476, 0.22579][-0.98628,  0.15279, -0.06256]
Time: 0.135000 Joint Angle [-0.05612,  0.80681,  0.30571, -1.52141, -0.08769, -0.65818, -0.00003] R des[-0.09485, -0.21424,  0.97217][0.13514, 0.96476, 0.22579][-0.98628,  0.15279, -0.06256]
Time: 0.150000 Joint Angle [-0.05612,  0.80697,  0.30571, -1.52140, -0.08769, -0.65817, -0.00003] R des[-0.09485, -0.21424,  0.97217][0.13514, 0.96476, 0.22579][-0.98628,  0.15279, -0.06256]
Time: 0.165000 Joint Angle [-0.05612,  0.80712,  0.30572, -1.52140, -0.08769, -0.65817, -0.00004] R des[-0.09485, -0.21424,  0.97217][0.13514, 0.96476, 0.22579][-0.98628,  0.15279, -0.06256]
Time: 0.180000 Joint Angle [-0.05612,  0.80726,  0.30572, -1.52140, -0.08769, -0.65817, -0.00004] R des[-0.09485, -0.21424,  0.97217][0.13514, 0.96476, 0.22579][-0.98628,  0.15279, -0.06256]
Time: 0.195000 Joint Angle [-0.05612,  0.80739,  0.30572, -1.52140, -0.08769, -0.65817, -0.00004] R des[-0.09485, -0.21424,  0.97217][0.13514, 0.96476, 0.22579][-0.98628,  0.15279, -0.06256]
Time: 0.210000 Joint Angle [-0.05612,  0.80752,  0.30572, -1.52140, -0.08769, -0.65817, -0.00004] R des[-0.09485, -0.21424,  0.97217][0.13514, 0.96476, 0.22579][-0.98628,  0.15279, -0.06256]
Time: 0.225000 Joint Angle [-0.05612,  0.80765,  0.30572, -1.52139, -0.08769, -0.65817, -0.00004] R des[-0.09485, -0.21424,  0.97217][0.13514, 0.96476, 0.22579][-0.98628,  0.15279, -0.06256]
Time: 0.240000 Joint Angle [-0.05612,  0.80777,  0.30573, -1.52139, -0.08769, -0.65817, -0.00004] R des[-0.09485, -0.21424,  0.97217][0.13514, 0.96476, 0.22579][-0.98628,  0.15279, -0.06256]
Time: 0.255000 Joint Angle [-0.05612,  0.80789,  0.30573, -1.52138, -0.08769, -0.65817, -0.00004] R des[-0.09485, -0.21424,  0.97217][0.13514, 0.96476, 0.22579][-0.98628,  0.15279, -0.06256]
Time: 0.270000 Joint Angle [-0.05612,  0.80799,  0.30573, -1.52137, -0.08769, -0.65818, -0.00005] R des[-0.09485, -0.21424,  0.97217][0.13514, 0.96476, 0.22579][-0.98628,  0.15279, -0.06256]
Time: 0.285000 Joint Angle [-0.05612,  0.80810,  0.30573, -1.52136, -0.08769, -0.65818, -0.00005] R des[-0.09485, -0.21424,  0.97217][0.13514, 0.96476, 0.22579][-0.98628,  0.15279, -0.06256]
Time: 0.300000 Joint Angle [-0.05612,  0.80821,  0.30574, -1.52136, -0.08769, -0.65818, -0.00005] R des[-0.09485, -0.21424,  0.97217][0.13514, 0.96476, 0.22579][-0.98628,  0.15279, -0.06256]
Time: 0.315000 Joint Angle [-0.05612,  0.80832,  0.30574, -1.52135, -0.08769, -0.65818, -0.00005] R des[-0.09485, -0.21424,  0.97217][0.13514, 0.96476, 0.22579][-0.98628,  0.15279, -0.06256]
Time: 0.330000 Joint Angle [-0.05612,  0.80842,  0.30575, -1.52134, -0.08769, -0.65818, -0.00005] R des[-0.09485, -0.21424,  0.97217][0.13514, 0.96476, 0.22579][-0.98628,  0.15279, -0.06256]
Time: 0.345000 Joint Angle [-0.05612,  0.80851,  0.30575, -1.52132, -0.08769, -0.65818, -0.00005] R des[-0.09485, -0.21424,  0.97217][0.13514, 0.96476, 0.22579][-0.98628,  0.15279, -0.06256]
Time: 0.360000 Joint Angle [-0.05612,  0.80861,  0.30575, -1.52128, -0.08769, -0.65818, -0.00005] R des[-0.09485, -0.21424,  0.97217][0.13514, 0.96476, 0.22579][-0.98628,  0.15279, -0.06256]
Time: 0.375000 Joint Angle [-0.05612,  0.80871,  0.30575, -1.52125, -0.08769, -0.65818, -0.00005] R des[-0.09485, -0.21424,  0.97217][0.13514, 0.96476, 0.22579][-0.98628,  0.15279, -0.06256]
Time: 0.390000 Joint Angle [-0.05612,  0.80881,  0.30575, -1.52120, -0.08769, -0.65818, -0.00006] R des[-0.09485, -0.21424,  0.97217][0.13514, 0.96476, 0.22579][-0.98628,  0.15279, -0.06256]
Time: 0.405000 Joint Angle [-0.05612,  0.80892,  0.30576, -1.52115, -0.08769, -0.65818, -0.00006] R des[-0.09485, -0.21424,  0.97217][0.13514, 0.96476, 0.22579][-0.98628,  0.15279, -0.06256]
Time: 0.420000 Joint Angle [-0.05612,  0.80904,  0.30576, -1.52108, -0.08769, -0.65818, -0.00006] R des[-0.09485, -0.21424,  0.97217][0.13514, 0.96476, 0.22579][-0.98628,  0.15279, -0.06256]
Time: 0.435000 Joint Angle [-0.05612,  0.80918,  0.30577, -1.52100, -0.08769, -0.65819, -0.00006] R des[-0.09485, -0.21424,  0.97217][0.13514, 0.96476, 0.22579][-0.98628,  0.15279, -0.06256]
Time: 0.450000 Joint Angle [-0.05612,  0.80931,  0.30577, -1.52090, -0.08769, -0.65820, -0.00006] R des[-0.09485, -0.21424,  0.97217][0.13514, 0.96476, 0.22579][-0.98628,  0.15279, -0.06256]
Time: 0.465000 Joint Angle [-0.05612,  0.80944,  0.30577, -1.52081, -0.08769, -0.65821, -0.00006] R des[-0.09485, -0.21424,  0.97217][0.13514, 0.96476, 0.22579][-0.98628,  0.15279, -0.06256]
Time: 0.480000 Joint Angle [-0.05612,  0.80956,  0.30577, -1.52072, -0.08769, -0.65822, -0.00006] R des[-0.09485, -0.21424,  0.97217][0.13514, 0.96476, 0.22579][-0.98628,  0.15279, -0.06256]
Time: 0.495000 Joint Angle [-0.05612,  0.80967,  0.30577, -1.52064, -0.08769, -0.65822, -0.00006] R des[-0.09485, -0.21424,  0.97217][0.13514, 0.96476, 0.22579][-0.98628,  0.15279, -0.06256]
Time: 0.510000 Joint Angle [-0.05612,  0.80976,  0.30578, -1.52056, -0.08769, -0.65823, -0.00007] R des[-0.09485, -0.21424,  0.97217][0.13514, 0.96476, 0.22579][-0.98628,  0.15279, -0.06256]
Time: 0.525000 Joint Angle [-0.05612,  0.80985,  0.30578, -1.52048, -0.08769, -0.65824, -0.00007] R des[-0.09485, -0.21424,  0.97217][0.13514, 0.96476, 0.22579][-0.98628,  0.15279, -0.06256]
Time: 0.540000 Joint Angle [-0.05612,  0.80994,  0.30578, -1.52040, -0.08769, -0.65825, -0.00007] R des[-0.09485, -0.21424,  0.97217][0.13514, 0.96476, 0.22579][-0.98628,  0.15279, -0.06256]
Time: 0.555000 Joint Angle [-0.05612,  0.81003,  0.30579, -1.52032, -0.08769, -0.65825, -0.00007] R des[-0.09485, -0.21424,  0.97217][0.13514, 0.96476, 0.22579][-0.98628,  0.15279, -0.06256]
Time: 0.570000 Joint Angle [-0.05612,  0.81013,  0.30579, -1.52024, -0.08769, -0.65827, -0.00007] R des[-0.09485, -0.21424,  0.97217][0.13514, 0.96476, 0.22579][-0.98628,  0.15279, -0.06256]
Time: 0.585000 Joint Angle [-0.05612,  0.81023,  0.30579, -1.52016, -0.08769, -0.65828, -0.00007] R des[-0.09485, -0.21424,  0.97217][0.13514, 0.96476, 0.22579][-0.98628,  0.15279, -0.06256]
Time: 0.600000 Joint Angle [-0.05612,  0.81034,  0.30579, -1.52006, -0.08769, -0.65829, -0.00007] R des[-0.09485, -0.21424,  0.97217][0.13514, 0.96476, 0.22579][-0.98628,  0.15279, -0.06256]
Time: 0.615000 Joint Angle [-0.05612,  0.81044,  0.30579, -1.51996, -0.08769, -0.65830, -0.00007] R des[-0.09485, -0.21424,  0.97217][0.13514, 0.96476, 0.22579][-0.98628,  0.15279, -0.06256]
Time: 0.630000 Joint Angle [-0.05612,  0.81054,  0.30579, -1.51986, -0.08769, -0.65831, -0.00008] R des[-0.09485, -0.21424,  0.97217][0.13514, 0.96476, 0.22579][-0.98628,  0.15279, -0.06256]
Time: 0.645000 Joint Angle [-0.05612,  0.81061,  0.30580, -1.51978, -0.08769, -0.65831, -0.00008] R des[-0.09485, -0.21424,  0.97217][0.13514, 0.96476, 0.22579][-0.98628,  0.15279, -0.06256]
Time: 0.660000 Joint Angle [-0.05612,  0.81068,  0.30580, -1.51971, -0.08769, -0.65831, -0.00008] R des[-0.09485, -0.21424,  0.97217][0.13514, 0.96476, 0.22579][-0.98628,  0.15279, -0.06256]
Time: 0.675000 Joint Angle [-0.05612,  0.81073,  0.30580, -1.51964, -0.08769, -0.65831, -0.00008] R des[-0.09485, -0.21424,  0.97217][0.13514, 0.96476, 0.22579][-0.98628,  0.15279, -0.06256]
Time: 0.690000 Joint Angle [-0.05612,  0.81077,  0.30581, -1.51959, -0.08769, -0.65832, -0.00008] R des[-0.09485, -0.21424,  0.97217][0.13514, 0.96476, 0.22579][-0.98628,  0.15279, -0.06256]
Time: 0.705000 Joint Angle [-0.05612,  0.81079,  0.30581, -1.51956, -0.08769, -0.65832, -0.00008] R des[-0.09485, -0.21424,  0.97217][0.13514, 0.96476, 0.22579][-0.98628,  0.15279, -0.06256]
Time: 0.720000 Joint Angle [-0.05612,  0.81080,  0.30581, -1.51953, -0.08769, -0.65832, -0.00008] R des[-0.09485, -0.21424,  0.97217][0.13514, 0.96476, 0.22579][-0.98628,  0.15279, -0.06256]
Time: 0.735000 Joint Angle [-0.05612,  0.81081,  0.30581, -1.51951, -0.08769, -0.65832, -0.00008] R des[-0.09485, -0.21424,  0.97217][0.13514, 0.96476, 0.22579][-0.98628,  0.15279, -0.06256]
Time: 0.750000 Joint Angle [-0.05612,  0.81081,  0.30582, -1.51949, -0.08769, -0.65832, -0.00008] R des[-0.09485, -0.21424,  0.97217][0.13514, 0.96476, 0.22579][-0.98628,  0.15279, -0.06256]
Time: 0.765000 Joint Angle [-0.05612,  0.81081,  0.30582, -1.51949, -0.08769, -0.65832, -0.00008] R des[-0.09485, -0.21424,  0.97217][0.13514, 0.96476, 0.22579][-0.98628,  0.15279, -0.06256]
Time: 0.780000 Joint Angle [-0.05612,  0.81081,  0.30582, -1.51948, -0.08769, -0.65832, -0.00008] R des[-0.09485, -0.21424,  0.97217][0.13514, 0.96476, 0.22579][-0.98628,  0.15279, -0.06256]
Time: 0.795000 Joint Angle [-0.05612,  0.81081,  0.30582, -1.51948, -0.08769, -0.65832, -0.00008] R des[-0.09485, -0.21424,  0.97217][0.13514, 0.96476, 0.22579][-0.98628,  0.15279, -0.06256]
Time: 0.810000 Joint Angle [-0.05612,  0.81081,  0.30582, -1.51948, -0.08769, -0.65832, -0.00008] R des[-0.09485, -0.21424,  0.97217][0.13514, 0.96476, 0.22579][-0.98628,  0.15279, -0.06256]
Time: 0.825000 Joint Angle [-0.05612,  0.81080,  0.30583, -1.51948, -0.08769, -0.65832, -0.00009] R des[-0.09485, -0.21424,  0.97217][0.13514, 0.96476, 0.22579][-0.98628,  0.15279, -0.06256]
Time: 0.840000 Joint Angle [-0.05612,  0.81080,  0.30584, -1.51948, -0.08769, -0.65832, -0.00009] R des[-0.09485, -0.21424,  0.97217][0.13514, 0.96476, 0.22579][-0.98628,  0.15279, -0.06256]
Time: 0.855000 Joint Angle [-0.05612,  0.81080,  0.30585, -1.51948, -0.08769, -0.65832, -0.00009] R des[-0.09485, -0.21424,  0.97217][0.13514, 0.96476, 0.22579][-0.98628,  0.15279, -0.06256]
Time: 0.870000 Joint Angle [-0.05612,  0.81080,  0.30585, -1.51949, -0.08769, -0.65832, -0.00009] R des[-0.09485, -0.21424,  0.97217][0.13514, 0.96476, 0.22579][-0.98628,  0.15279, -0.06256]
Time: 0.885000 Joint Angle [-0.05612,  0.81079,  0.30586, -1.51949, -0.08769, -0.65832, -0.00009] R des[-0.09485, -0.21424,  0.97217][0.13514, 0.96476, 0.22579][-0.98628,  0.15279, -0.06256]
Time: 0.900000 Joint Angle [-0.05612,  0.81079,  0.30586, -1.51949, -0.08769, -0.65832, -0.00009] R des[-0.09485, -0.21424,  0.97217][0.13514, 0.96476, 0.22579][-0.98628,  0.15279, -0.06256]
Time: 0.915000 Joint Angle [-0.05612,  0.81079,  0.30586, -1.51949, -0.08769, -0.65832, -0.00009] R des[-0.09485, -0.21424,  0.97217][0.13514, 0.96476, 0.22579][-0.98628,  0.15279, -0.06256]
Time: 0.930000 Joint Angle [-0.05612,  0.81078,  0.30587, -1.51949, -0.08769, -0.65832, -0.00009] R des[-0.09485, -0.21424,  0.97217][0.13514, 0.96476, 0.22579][-0.98628,  0.15279, -0.06256]
Time: 0.945000 Joint Angle [-0.05612,  0.81078,  0.30587, -1.51949, -0.08769, -0.65832, -0.00009] R des[-0.09485, -0.21424,  0.97217][0.13514, 0.96476, 0.22579][-0.98628,  0.15279, -0.06256]
Time: 0.960000 Joint Angle [-0.05612,  0.81078,  0.30587, -1.51949, -0.08769, -0.65832, -0.00009] R des[-0.09485, -0.21424,  0.97217][0.13514, 0.96476, 0.22579][-0.98628,  0.15279, -0.06256]
Time: 0.975000 Joint Angle [-0.05612,  0.81078,  0.30587, -1.51949, -0.08769, -0.65832, -0.00009] R des[-0.09485, -0.21424,  0.97217][0.13514, 0.96476, 0.22579][-0.98628,  0.15279, -0.06256]
Time: 0.990000 Joint Angle [-0.05612,  0.81077,  0.30587, -1.51949, -0.08769, -0.65832, -0.00009] R des[-0.09485, -0.21424,  0.97217][0.13514, 0.96476, 0.22579][-0.98628,  0.15279, -0.06256]
Time: 1.005000 Joint Angle [-0.05612,  0.81077,  0.30588, -1.51949, -0.08769, -0.65832, -0.00009] R des[-0.09485, -0.21424,  0.97217][0.13514, 0.96476, 0.22579][-0.98628,  0.15279, -0.06256]
Time: 1.020000 Joint Angle [-0.05612,  0.81077,  0.30588, -1.51949, -0.08769, -0.65832, -0.00009] R des[-0.09485, -0.21424,  0.97217][0.13514, 0.96476, 0.22579][-0.98628,  0.15279, -0.06256]
Time: 1.035000 Joint Angle [-0.05612,  0.81077,  0.30588, -1.51949, -0.08769, -0.65832, -0.00009] R des[-0.09486, -0.21424,  0.97217][0.13514, 0.96476, 0.22579][-0.98628,  0.15279, -0.06257]
Time: 1.050000 Joint Angle [-0.05612,  0.81077,  0.30588, -1.51949, -0.08769, -0.65832, -0.00009] R des[-0.09488, -0.21423,  0.97216][0.13513, 0.96476, 0.22579][-0.98627,  0.15279, -0.06258]
Time: 1.065000 Joint Angle [-0.05612,  0.81077,  0.30588, -1.51949, -0.08769, -0.65832, -0.00009] R des[-0.09491, -0.21423,  0.97216][0.13513, 0.96476, 0.22579][-0.98627,  0.15280, -0.06262]
Time: 1.080000 Joint Angle [-0.05612,  0.81077,  0.30588, -1.51949, -0.08769, -0.65832, -0.00009] R des[-0.09496, -0.21421,  0.97216][0.13512, 0.96476, 0.22578][-0.98627,  0.15280, -0.06267]
Time: 1.095000 Joint Angle [-0.05612,  0.81077,  0.30589, -1.51949, -0.08769, -0.65832, -0.00009] R des[-0.09504, -0.21420,  0.97216][0.13510, 0.96476, 0.22578][-0.98626,  0.15280, -0.06275]
Time: 1.110000 Joint Angle [-0.05612,  0.81077,  0.30589, -1.51949, -0.08769, -0.65832, -0.00009] R des[-0.09514, -0.21418,  0.97215][0.13508, 0.96477, 0.22577][-0.98626,  0.15280, -0.06286]
Time: 1.125000 Joint Angle [-0.05612,  0.81077,  0.30589, -1.51949, -0.08769, -0.65832, -0.00009] R des[-0.09527, -0.21415,  0.97214][0.13506, 0.96477, 0.22577][-0.98625,  0.15281, -0.06299]
Time: 1.140000 Joint Angle [-0.05612,  0.81077,  0.30589, -1.51949, -0.08769, -0.65831, -0.00009] R des[-0.09544, -0.21412,  0.97213][0.13503, 0.96478, 0.22576][-0.98623,  0.15281, -0.06317]
Time: 1.155000 Joint Angle [-0.05612,  0.81077,  0.30590, -1.51949, -0.08769, -0.65831, -0.00009] R des[-0.09565, -0.21408,  0.97212][0.13499, 0.96479, 0.22575][-0.98622,  0.15282, -0.06338]
Time: 1.170000 Joint Angle [-0.05612,  0.81077,  0.30590, -1.51949, -0.08769, -0.65831, -0.00009] R des[-0.09590, -0.21403,  0.97211][0.13494, 0.96480, 0.22573][-0.98620,  0.15282, -0.06364]
Time: 1.185000 Joint Angle [-0.05612,  0.81077,  0.30590, -1.51950, -0.08769, -0.65831, -0.00009] R des[-0.09619, -0.21398,  0.97209][0.13488, 0.96481, 0.22572][-0.98618,  0.15283, -0.06394]
Time: 1.200000 Joint Angle [-0.05612,  0.81077,  0.30590, -1.51951, -0.08769, -0.65831, -0.00009] R des[-0.09653, -0.21391,  0.97207][0.13482, 0.96482, 0.22570][-0.98616,  0.15284, -0.06430]
Time: 1.215000 Joint Angle [-0.05612,  0.81077,  0.30591, -1.51952, -0.08769, -0.65831, -0.00009] R des[-0.09693, -0.21383,  0.97205][0.13474, 0.96484, 0.22568][-0.98613,  0.15285, -0.06471]
Time: 1.230000 Joint Angle [-0.05612,  0.81077,  0.30591, -1.51952, -0.08769, -0.65830, -0.00010] R des[-0.09738, -0.21374,  0.97202][0.13466, 0.96486, 0.22566][-0.98610,  0.15286, -0.06517]
Time: 1.245000 Joint Angle [-0.05612,  0.81077,  0.30591, -1.51953, -0.08769, -0.65830, -0.00010] R des[-0.09789, -0.21364,  0.97200][0.13456, 0.96488, 0.22563][-0.98606,  0.15288, -0.06570]
Time: 1.260000 Joint Angle [-0.05612,  0.81077,  0.30591, -1.51955, -0.08769, -0.65829, -0.00010] R des[-0.09846, -0.21353,  0.97196][0.13445, 0.96490, 0.22560][-0.98602,  0.15289, -0.06629]
Time: 1.275000 Joint Angle [-0.05612,  0.81077,  0.30592, -1.51959, -0.08769, -0.65828, -0.00010] R des[-0.09910, -0.21341,  0.97192][0.13433, 0.96492, 0.22557][-0.98597,  0.15291, -0.06695]
Time: 1.290000 Joint Angle [-0.05612,  0.81077,  0.30592, -1.51965, -0.08769, -0.65826, -0.00010] R des[-0.09980, -0.21327,  0.97188][0.13420, 0.96495, 0.22553][-0.98592,  0.15293, -0.06768]
Time: 1.305000 Joint Angle [-0.05612,  0.81077,  0.30592, -1.51972, -0.08769, -0.65826, -0.00010] R des[-0.10058, -0.21312,  0.97184][0.13405, 0.96498, 0.22549][-0.98586,  0.15295, -0.06849]
Time: 1.320000 Joint Angle [-0.05612,  0.81078,  0.30592, -1.51981, -0.08769, -0.65825, -0.00010] R des[-0.10142, -0.21295,  0.97178][0.13389, 0.96501, 0.22544][-0.98579,  0.15297, -0.06936]
Time: 1.335000 Joint Angle [-0.05612,  0.81078,  0.30593, -1.51992, -0.08769, -0.65824, -0.00010] R des[-0.10235, -0.21277,  0.97173][0.13371, 0.96505, 0.22539][-0.98572,  0.15300, -0.07032]
Time: 1.350000 Joint Angle [-0.05612,  0.81078,  0.30593, -1.52006, -0.08769, -0.65823, -0.00010] R des[-0.10335, -0.21257,  0.97166][0.13352, 0.96509, 0.22534][-0.98564,  0.15303, -0.07136]
Time: 1.365000 Joint Angle [-0.05612,  0.81078,  0.30593, -1.52023, -0.08769, -0.65815, -0.00010] R des[-0.10443, -0.21236,  0.97159][0.13332, 0.96513, 0.22528][-0.98556,  0.15306, -0.07248]
Time: 1.380000 Joint Angle [-0.05612,  0.81078,  0.30593, -1.52043, -0.08769, -0.65804, -0.00010] R des[-0.10559, -0.21213,  0.97152][0.13309, 0.96518, 0.22521][-0.98546,  0.15309, -0.07368]
Time: 1.395000 Joint Angle [-0.05612,  0.81079,  0.30593, -1.52064, -0.08769, -0.65788, -0.00010] R des[-0.10684, -0.21189,  0.97144][0.13286, 0.96522, 0.22515][-0.98536,  0.15312, -0.07498]
Time: 1.410000 Joint Angle [-0.05612,  0.81079,  0.30593, -1.52085, -0.08769, -0.65766, -0.00010] R des[-0.10818, -0.21163,  0.97134][0.13260, 0.96528, 0.22507][-0.98525,  0.15315, -0.07636]
Time: 1.425000 Joint Angle [-0.05612,  0.81079,  0.30593, -1.52106, -0.08769, -0.65736, -0.00010] R des[-0.10961, -0.21135,  0.97125][0.13233, 0.96533, 0.22499][-0.98513,  0.15319, -0.07784]
Time: 1.440000 Joint Angle [-0.05612,  0.81079,  0.30594, -1.52127, -0.08769, -0.65704, -0.00010] R des[-0.11113, -0.21105,  0.97114][0.13204, 0.96539, 0.22491][-0.98500,  0.15323, -0.07941]
Time: 1.455000 Joint Angle [-0.05612,  0.81079,  0.30594, -1.52147, -0.08769, -0.65665, -0.00010] R des[-0.11274, -0.21073,  0.97102][0.13174, 0.96545, 0.22482][-0.98485,  0.15327, -0.08108]
Time: 1.470000 Joint Angle [-0.05612,  0.81080,  0.30594, -1.52168, -0.08769, -0.65635, -0.00010] R des[-0.11444, -0.21040,  0.97089][0.13141, 0.96552, 0.22472][-0.98470,  0.15331, -0.08285]
Time: 1.485000 Joint Angle [-0.05612,  0.81080,  0.30594, -1.52190, -0.08769, -0.65598, -0.00010] R des[-0.11625, -0.21004,  0.97076][0.13107, 0.96559, 0.22462][-0.98453,  0.15335, -0.08472]
Time: 1.500000 Joint Angle [-0.05612,  0.81081,  0.30594, -1.52212, -0.08769, -0.65572, -0.00010] R des[-0.11815, -0.20967,  0.97061][0.13071, 0.96566, 0.22451][-0.98436,  0.15340, -0.08669]
Time: 1.515000 Joint Angle [-0.05612,  0.81081,  0.30594, -1.52236, -0.08769, -0.65527, -0.00010] R des[-0.12015, -0.20928,  0.97045][0.13033, 0.96574, 0.22440][-0.98416,  0.15344, -0.08876]
Time: 1.530000 Joint Angle [-0.05612,  0.81081,  0.30594, -1.52260, -0.08769, -0.65466, -0.00010] R des[-0.12225, -0.20886,  0.97027][0.12994, 0.96582, 0.22428][-0.98396,  0.15349, -0.09094]
Time: 1.545000 Joint Angle [-0.05612,  0.81082,  0.30594, -1.52284, -0.08768, -0.65413, -0.00010] R des[-0.12446, -0.20843,  0.97009][0.12952, 0.96591, 0.22415][-0.98374,  0.15354, -0.09322]
Time: 1.560000 Joint Angle [-0.05612,  0.81084,  0.30594, -1.52309, -0.08768, -0.65365, -0.00010] R des[-0.12677, -0.20797,  0.96988][0.12908, 0.96600, 0.22401][-0.98350,  0.15359, -0.09562]
Time: 1.575000 Joint Angle [-0.05612,  0.81085,  0.30594, -1.52333, -0.08768, -0.65303, -0.00010] R des[-0.12919, -0.20750,  0.96967][0.12862, 0.96609, 0.22387][-0.98324,  0.15364, -0.09812]
Time: 1.590000 Joint Angle [-0.05612,  0.81086,  0.30594, -1.52357, -0.08768, -0.65226, -0.00010] R des[-0.13171, -0.20700,  0.96943][0.12815, 0.96619, 0.22372][-0.98297,  0.15370, -0.10073]
Time: 1.605000 Joint Angle [-0.05612,  0.81087,  0.30594, -1.52384, -0.08768, -0.65155, -0.00010] R des[-0.13434, -0.20648,  0.96918][0.12765, 0.96629, 0.22356][-0.98268,  0.15375, -0.10345]
Time: 1.620000 Joint Angle [-0.05612,  0.81089,  0.30594, -1.52408, -0.08768, -0.65058, -0.00010] R des[-0.13708, -0.20594,  0.96892][0.12713, 0.96640, 0.22339][-0.98237,  0.15380, -0.10629]
Time: 1.635000 Joint Angle [-0.05612,  0.81090,  0.30594, -1.52435, -0.08768, -0.64972, -0.00010] R des[-0.13993, -0.20538,  0.96863][0.12660, 0.96651, 0.22322][-0.98204,  0.15386, -0.10924]
Time: 1.650000 Joint Angle [-0.05612,  0.81091,  0.30594, -1.52463, -0.08768, -0.64862, -0.00010] R des[-0.14288, -0.20480,  0.96832][0.12604, 0.96663, 0.22304][-0.98168,  0.15391, -0.11230]
Time: 1.665000 Joint Angle [-0.05612,  0.81090,  0.30594, -1.52498, -0.08768, -0.64762, -0.00010] R des[-0.14595, -0.20419,  0.96799][0.12546, 0.96675, 0.22284][-0.98130,  0.15397, -0.11548]
Time: 1.680000 Joint Angle [-0.05613,  0.81089,  0.30593, -1.52540, -0.08768, -0.64641, -0.00010] R des[-0.14914, -0.20356,  0.96764][0.12486, 0.96687, 0.22264][-0.98090,  0.15403, -0.11878]
Time: 1.695000 Joint Angle [-0.05613,  0.81088,  0.30593, -1.52592, -0.08768, -0.64538, -0.00010] R des[-0.15243, -0.20291,  0.96726][0.12424, 0.96700, 0.22243][-0.98047,  0.15408, -0.12219]
Time: 1.710000 Joint Angle [-0.05613,  0.81085,  0.30593, -1.52651, -0.08767, -0.64407, -0.00010] R des[-0.15583, -0.20223,  0.96686][0.12360, 0.96713, 0.22221][-0.98002,  0.15413, -0.12572]
Time: 1.725000 Joint Angle [-0.05613,  0.81081,  0.30592, -1.52723, -0.08767, -0.64295, -0.00010] R des[-0.15935, -0.20154,  0.96643][0.12294, 0.96727, 0.22198][-0.97954,  0.15419, -0.12936]
Time: 1.740000 Joint Angle [-0.05613,  0.81072,  0.30591, -1.52800, -0.08767, -0.64170, -0.00010] R des[-0.16299, -0.20082,  0.96598][0.12226, 0.96741, 0.22174][-0.97902,  0.15424, -0.13312]
Time: 1.755000 Joint Angle [-0.05613,  0.81063,  0.30589, -1.52887, -0.08766, -0.64031, -0.00010] R des[-0.16673, -0.20007,  0.96549][0.12156, 0.96756, 0.22149][-0.97848,  0.15429, -0.13700]
Time: 1.770000 Joint Angle [-0.05613,  0.81051,  0.30588, -1.52982, -0.08766, -0.63911, -0.00010] R des[-0.17059, -0.19930,  0.96497][0.12084, 0.96771, 0.22123][-0.97790,  0.15434, -0.14100]
Time: 1.785000 Joint Angle [-0.05614,  0.81037,  0.30586, -1.53082, -0.08766, -0.63768, -0.00010] R des[-0.17457, -0.19851,  0.96443][0.12009, 0.96786, 0.22096][-0.97729,  0.15439, -0.14512]
Time: 1.800000 Joint Angle [-0.05614,  0.81021,  0.30583, -1.53191, -0.08765, -0.63625, -0.00010] R des[-0.17866, -0.19770,  0.96384][0.11933, 0.96802, 0.22068][-0.97665,  0.15444, -0.14935]
Time: 1.815000 Joint Angle [-0.05614,  0.81000,  0.30580, -1.53306, -0.08765, -0.63479, -0.00010] R des[-0.18286, -0.19686,  0.96323][0.11854, 0.96818, 0.22038][-0.97597,  0.15448, -0.15370]
Time: 1.830000 Joint Angle [-0.05615,  0.80976,  0.30574, -1.53429, -0.08765, -0.63321, -0.00010] R des[-0.18717, -0.19600,  0.96257][0.11774, 0.96835, 0.22007][-0.97525,  0.15452, -0.15817]
Time: 1.845000 Joint Angle [-0.05615,  0.80949,  0.30566, -1.53558, -0.08764, -0.63164, -0.00010] R des[-0.19160, -0.19512,  0.96188][0.11691, 0.96852, 0.21975][-0.97448,  0.15456, -0.16276]
Time: 1.860000 Joint Angle [-0.05616,  0.80919,  0.30558, -1.53688, -0.08763, -0.62992, -0.00010] R des[-0.19615, -0.19421,  0.96115][0.11607, 0.96870, 0.21942][-0.97368,  0.15460, -0.16747]
Time: 1.875000 Joint Angle [-0.05616,  0.80886,  0.30548, -1.53824, -0.08762, -0.62811, -0.00010] R des[-0.20080, -0.19328,  0.96038][0.11520, 0.96888, 0.21908][-0.97283,  0.15463, -0.17229]
Time: 1.890000 Joint Angle [-0.05617,  0.80847,  0.30536, -1.53965, -0.08758, -0.62627, -0.00010] R des[-0.20557, -0.19232,  0.95956][0.11431, 0.96907, 0.21872][-0.97194,  0.15465, -0.17723]
Time: 1.905000 Joint Angle [-0.05618,  0.80804,  0.30522, -1.54109, -0.08739, -0.62436, -0.00010] R des[-0.21045, -0.19135,  0.95870][0.11341, 0.96926, 0.21835][-0.97100,  0.15468, -0.18228]
Time: 1.920000 Joint Angle [-0.05619,  0.80757,  0.30507, -1.54259, -0.08687, -0.62237, -0.00010] R des[-0.21544, -0.19035,  0.95779][0.11248, 0.96945, 0.21797][-0.97002,  0.15469, -0.18745]
Time: 1.935000 Joint Angle [-0.05619,  0.80706,  0.30495, -1.54413, -0.08611, -0.62024, -0.00010] R des[-0.22054, -0.18932,  0.95683][0.11154, 0.96965, 0.21757][-0.96898,  0.15471, -0.19273]
Time: 1.950000 Joint Angle [-0.05620,  0.80650,  0.30484, -1.54573, -0.08522, -0.61803, -0.00010] R des[-0.22575, -0.18827,  0.95582][0.11058, 0.96985, 0.21715][-0.96789,  0.15471, -0.19813]
Time: 1.965000 Joint Angle [-0.05620,  0.80588,  0.30473, -1.54741, -0.08418, -0.61569, -0.00010] R des[-0.23107, -0.18720,  0.95476][0.10960, 0.97006, 0.21673][-0.96675,  0.15472, -0.20363]
Time: 1.980000 Joint Angle [-0.05620,  0.80521,  0.30462, -1.54916, -0.08301, -0.61326, -0.00011] R des[-0.23649, -0.18611,  0.95364][0.10860, 0.97027, 0.21628][-0.96555,  0.15471, -0.20925]
Time: 1.995000 Joint Angle [-0.05620,  0.80450,  0.30451, -1.55095, -0.08192, -0.61076, -0.00011] R des[-0.24203, -0.18499,  0.95247][0.10758, 0.97049, 0.21583][-0.96429,  0.15470, -0.21498]
Time: 2.010000 Joint Angle [-0.05620,  0.80371,  0.30441, -1.55283, -0.08079, -0.60809, -0.00011] R des[-0.24767, -0.18385,  0.95124][0.10654, 0.97071, 0.21535][-0.96297,  0.15468, -0.22082]
Time: 2.025000 Joint Angle [-0.05620,  0.80286,  0.30432, -1.55474, -0.07959, -0.60542, -0.00013] R des[-0.25341, -0.18269,  0.94995][0.10549, 0.97093, 0.21486][-0.96159,  0.15465, -0.22677]
Time: 2.040000 Joint Angle [-0.05621,  0.80194,  0.30421, -1.55672, -0.07849, -0.60263, -0.00014] R des[-0.25925, -0.18150,  0.94860][0.10441, 0.97116, 0.21436][-0.96015,  0.15462, -0.23282]
Time: 2.055000 Joint Angle [-0.05621,  0.80095,  0.30408, -1.55877, -0.07735, -0.59973, -0.00014] R des[-0.26520, -0.18030,  0.94719][0.10333, 0.97139, 0.21384][-0.95864,  0.15458, -0.23898]
Time: 2.070000 Joint Angle [-0.05621,  0.79984,  0.30395, -1.56084, -0.07617, -0.59675, -0.00016] R des[-0.27125, -0.17907,  0.94571][0.10222, 0.97163, 0.21330][-0.95707,  0.15453, -0.24524]
Time: 2.085000 Joint Angle [-0.05621,  0.79870,  0.30378, -1.56303, -0.07505, -0.59354, -0.00018] R des[-0.27739, -0.17782,  0.94416][0.10110, 0.97186, 0.21274][-0.95542,  0.15446, -0.25161]
Time: 2.100000 Joint Angle [-0.05621,  0.79743,  0.30361, -1.56523, -0.07391, -0.59025, -0.00019] R des[-0.28363, -0.17655,  0.94254][0.09996, 0.97211, 0.21217][-0.95371,  0.15439, -0.25807]
Time: 2.115000 Joint Angle [-0.05621,  0.79608,  0.30341, -1.56751, -0.07275, -0.58668, -0.00021] R des[-0.28997, -0.17525,  0.94085][0.09881, 0.97235, 0.21157][-0.95192,  0.15431, -0.26464]
Time: 2.130000 Joint Angle [-0.05621,  0.79463,  0.30320, -1.56992, -0.07161, -0.58305, -0.00022] R des[-0.29640, -0.17394,  0.93909][0.09764, 0.97260, 0.21097][-0.95006,  0.15422, -0.27130]
Time: 2.145000 Joint Angle [-0.05622,  0.79306,  0.30298, -1.57240, -0.07042, -0.57931, -0.00024] R des[-0.30292, -0.17260,  0.93725][0.09646, 0.97286, 0.21034][-0.94812,  0.15412, -0.27805]
Time: 2.160000 Joint Angle [-0.05622,  0.79145,  0.30273, -1.57498, -0.06922, -0.57545, -0.00025] R des[-0.30953, -0.17125,  0.93534][0.09526, 0.97312, 0.20969][-0.94610,  0.15401, -0.28490]
Time: 2.175000 Joint Angle [-0.05622,  0.78973,  0.30247, -1.57761, -0.06799, -0.57152, -0.00027] R des[-0.31623, -0.16987,  0.93335][0.09405, 0.97338, 0.20903][-0.94401,  0.15388, -0.29184]
Time: 2.190000 Joint Angle [-0.05622,  0.78794,  0.30220, -1.58030, -0.06673, -0.56734, -0.00030] R des[-0.32302, -0.16848,  0.93128][0.09283, 0.97364, 0.20834][-0.94183,  0.15375, -0.29887]
Time: 2.205000 Joint Angle [-0.05623,  0.78601,  0.30192, -1.58301, -0.06546, -0.56303, -0.00033] R des[-0.32989, -0.16706,  0.92912][0.09159, 0.97391, 0.20764][-0.93957,  0.15360, -0.30598]
Time: 2.220000 Joint Angle [-0.05623,  0.78401,  0.30160, -1.58582, -0.06416, -0.55848, -0.00037] R des[-0.33684, -0.16563,  0.92688][0.09034, 0.97418, 0.20691][-0.93722,  0.15343, -0.31318]
Time: 2.235000 Joint Angle [-0.05623,  0.78189,  0.30124, -1.58875, -0.06286, -0.55387, -0.00041] R des[-0.34387, -0.16418,  0.92456][0.08908, 0.97445, 0.20617][-0.93478,  0.15326, -0.32046]
Time: 2.250000 Joint Angle [-0.05623,  0.77968,  0.30086, -1.59175, -0.06148, -0.54912, -0.00044] R des[-0.35097, -0.16271,  0.92214][0.08781, 0.97473, 0.20541][-0.93226,  0.15307, -0.32781]
Time: 2.265000 Joint Angle [-0.05623,  0.77738,  0.30046, -1.59488, -0.06008, -0.54420, -0.00049] R des[-0.35815, -0.16122,  0.91964][0.08653, 0.97501, 0.20462][-0.92965,  0.15286, -0.33525]
Time: 2.280000 Joint Angle [-0.05624,  0.77490,  0.30006, -1.59801, -0.05864, -0.53923, -0.00055] R des[-0.36540, -0.15971,  0.91705][0.08524, 0.97529, 0.20382][-0.92694,  0.15264, -0.34276]
Time: 2.295000 Joint Angle [-0.05624,  0.77233,  0.29966, -1.60119, -0.05719, -0.53399, -0.00079] R des[-0.37272, -0.15819,  0.91436][0.08393, 0.97558, 0.20299][-0.92414,  0.15241, -0.35034]
Time: 2.310000 Joint Angle [-0.05624,  0.76968,  0.29921, -1.60445, -0.05567, -0.52851, -0.00106] R des[-0.38011, -0.15665,  0.91158][0.08262, 0.97586, 0.20215][-0.92124,  0.15215, -0.35799]
Time: 2.325000 Joint Angle [-0.05625,  0.76693,  0.29873, -1.60778, -0.05406, -0.52289, -0.00140] R des[-0.38756, -0.15509,  0.90871][0.08130, 0.97615, 0.20128][-0.91825,  0.15189, -0.36571]
Time: 2.340000 Joint Angle [-0.05625,  0.76409,  0.29824, -1.61124, -0.05243, -0.51709, -0.00179] R des[-0.39507, -0.15352,  0.90573][0.07998, 0.97645, 0.20039][-0.91516,  0.15160, -0.37349]
Time: 2.355000 Joint Angle [-0.05625,  0.76114,  0.29776, -1.61482, -0.05067, -0.51117, -0.00227] R des[-0.40264, -0.15193,  0.90266][0.07864, 0.97674, 0.19948][-0.91197,  0.15130, -0.38133]
Time: 2.370000 Joint Angle [-0.05626,  0.75808,  0.29727, -1.61837, -0.04887, -0.50509, -0.00262] R des[-0.41026, -0.15033,  0.89949][0.07730, 0.97704, 0.19855][-0.90868,  0.15099, -0.38922]
Time: 2.385000 Joint Angle [-0.05626,  0.75482,  0.29676, -1.62191, -0.04702, -0.49886, -0.00291] R des[-0.41794, -0.14871,  0.89622][0.07595, 0.97734, 0.19759][-0.90529,  0.15065, -0.39717]
Time: 2.400000 Joint Angle [-0.05626,  0.75149,  0.29620, -1.62554, -0.04513, -0.49230, -0.00321] R des[-0.42567, -0.14708,  0.89285][0.07460, 0.97764, 0.19662][-0.90180,  0.15030, -0.40518]
Time: 2.415000 Joint Angle [-0.05627,  0.74810,  0.29570, -1.62932, -0.04323, -0.48553, -0.00354] R des[-0.43344, -0.14544,  0.88937][0.07324, 0.97794, 0.19562][-0.89820,  0.14993, -0.41323]
Time: 2.430000 Joint Angle [-0.05628,  0.74460,  0.29516, -1.63317, -0.04126, -0.47871, -0.00391] R des[-0.44126, -0.14378,  0.88579][0.07188, 0.97824, 0.19460][-0.89450,  0.14954, -0.42132]
Time: 2.445000 Joint Angle [-0.05628,  0.74101,  0.29459, -1.63704, -0.03929, -0.47178, -0.00433] R des[-0.44912, -0.14212,  0.88210][0.07052, 0.97855, 0.19356][-0.89069,  0.14913, -0.42946]
Time: 2.460000 Joint Angle [-0.05628,  0.73730,  0.29400, -1.64087, -0.03725, -0.46464, -0.00464] R des[-0.45701, -0.14044,  0.87830][0.06915, 0.97886, 0.19250][-0.88677,  0.14871, -0.43764]
Time: 2.475000 Joint Angle [-0.05628,  0.73337,  0.29346, -1.64471, -0.03519, -0.45730, -0.00484] R des[-0.46494, -0.13875,  0.87440][0.06778, 0.97917, 0.19141][-0.88274,  0.14826, -0.44585]
Time: 2.490000 Joint Angle [-0.05629,  0.72947,  0.29288, -1.64878, -0.03310, -0.44960, -0.00513] R des[-0.47290, -0.13705,  0.87039][0.06641, 0.97948, 0.19030][-0.87861,  0.14779, -0.45409]
Time: 2.505000 Joint Angle [-0.05629,  0.72544,  0.29228, -1.65284, -0.03100, -0.44192, -0.00541] R des[-0.48089, -0.13534,  0.86627][0.06503, 0.97979, 0.18917][-0.87437,  0.14731, -0.46237]
Time: 2.520000 Joint Angle [-0.05629,  0.72134,  0.29164, -1.65697, -0.02885, -0.43406, -0.00574] R des[-0.48890, -0.13362,  0.86205][0.06366, 0.98010, 0.18802][-0.87001,  0.14680, -0.47066]
Time: 2.535000 Joint Angle [-0.05630,  0.71712,  0.29104, -1.66101, -0.02664, -0.42609, -0.00603] R des[-0.49693, -0.13189,  0.85771][0.06229, 0.98041, 0.18685][-0.86555,  0.14628, -0.47898]
Time: 2.550000 Joint Angle [-0.05630,  0.71269,  0.29043, -1.66503, -0.02446, -0.41780, -0.00633] R des[-0.50498, -0.13015,  0.85326][0.06092, 0.98073, 0.18565][-0.86098,  0.14573, -0.48732]
Time: 2.565000 Joint Angle [-0.05630,  0.70831,  0.28977, -1.66931, -0.02220, -0.40916, -0.00657] R des[-0.51305, -0.12841,  0.84870][0.05955, 0.98104, 0.18443][-0.85629,  0.14516, -0.49567]
Time: 2.580000 Joint Angle [-0.05630,  0.70380,  0.28912, -1.67355, -0.01994, -0.40061, -0.00672] R des[-0.52112, -0.12666,  0.84403][0.05818, 0.98135, 0.18319][-0.85150,  0.14457, -0.50404]
Time: 2.595000 Joint Angle [-0.05631,  0.69922,  0.28847, -1.67777, -0.01774, -0.39189, -0.00686] R des[-0.52921, -0.12490,  0.83925][0.05682, 0.98167, 0.18193][-0.84659,  0.14396, -0.51241]
Time: 2.610000 Joint Angle [-0.05631,  0.69445,  0.28779, -1.68189, -0.01551, -0.38292, -0.00705] R des[-0.53729, -0.12314,  0.83436][0.05546, 0.98198, 0.18064][-0.84157,  0.14333, -0.52078]
Time: 2.625000 Joint Angle [-0.05631,  0.68970,  0.28709, -1.68611, -0.01326, -0.37354, -0.00723] R des[-0.54538, -0.12138,  0.82935][0.05410, 0.98230, 0.17934][-0.83644,  0.14267, -0.52916]
Time: 2.640000 Joint Angle [-0.05631,  0.68484,  0.28640, -1.69039, -0.01101, -0.36409, -0.00741] R des[-0.55347, -0.11961,  0.82424][0.05275, 0.98261, 0.17801][-0.83120,  0.14200, -0.53754]
Time: 2.655000 Joint Angle [-0.05631,  0.67993,  0.28565, -1.69475, -0.00875, -0.35458, -0.00758] R des[-0.56155, -0.11784,  0.81901][0.05140, 0.98293, 0.17666][-0.82585,  0.14130, -0.54590]
Time: 2.670000 Joint Angle [-0.05632,  0.67485,  0.28491, -1.69894, -0.00652, -0.34512, -0.00774] R des[-0.56962, -0.11606,  0.81367][0.05006, 0.98324, 0.17529][-0.82038,  0.14058, -0.55426]
Time: 2.685000 Joint Angle [-0.05632,  0.66977,  0.28415, -1.70314, -0.00427, -0.33526, -0.00783] R des[-0.57767, -0.11428,  0.80823][0.04873, 0.98356, 0.17390][-0.81481,  0.13984, -0.56261]
Time: 2.700000 Joint Angle [-0.05632,  0.66461,  0.28341, -1.70739, -0.00203, -0.32522, -0.00792] R des[-0.58572, -0.11250,  0.80267][0.04741, 0.98387, 0.17249][-0.80913,  0.13908, -0.57094]
Time: 2.715000 Joint Angle [-0.05632,  0.65944,  0.28261, -1.71169,  0.00023, -0.31502, -0.00799] R des[-0.59374, -0.11072,  0.79700][0.04609, 0.98418, 0.17106][-0.80334,  0.13830, -0.57924]
Time: 2.730000 Joint Angle [-0.05632,  0.65409,  0.28182, -1.71590,  0.00249, -0.30484, -0.00807] R des[-0.60174, -0.10894,  0.79123][0.04478, 0.98449, 0.16961][-0.79744,  0.13749, -0.58753]
Time: 2.745000 Joint Angle [-0.05632,  0.64877,  0.28101, -1.72012,  0.00474, -0.29439, -0.00813] R des[-0.60971, -0.10717,  0.78535][0.04348, 0.98480, 0.16814][-0.79143,  0.13666, -0.59578]
Time: 2.760000 Joint Angle [-0.05633,  0.64335,  0.28019, -1.72427,  0.00695, -0.28379, -0.00818] R des[-0.61765, -0.10539,  0.77936][0.04219, 0.98511, 0.16665][-0.78532,  0.13582, -0.60401]
Time: 2.775000 Joint Angle [-0.05632,  0.63797,  0.27933, -1.72848,  0.00917, -0.27277, -0.00820] R des[-0.62556, -0.10361,  0.77326][0.04092, 0.98542, 0.16514][-0.77910,  0.13494, -0.61220]
Time: 2.790000 Joint Angle [-0.05633,  0.63244,  0.27849, -1.73258,  0.01135, -0.26173, -0.00822] R des[-0.63344, -0.10184,  0.76706][0.03965, 0.98573, 0.16361][-0.77278,  0.13405, -0.62036]
Time: 2.805000 Joint Angle [-0.05633,  0.62697,  0.27765, -1.73674,  0.01349, -0.25052, -0.00825] R des[-0.64127, -0.10007,  0.76076][0.03839, 0.98603, 0.16207][-0.76635,  0.13314, -0.62847]
Time: 2.820000 Joint Angle [-0.05633,  0.62138,  0.27678, -1.74071,  0.01565, -0.23925, -0.00826] R des[-0.64906, -0.09831,  0.75436][0.03715, 0.98634, 0.16050][-0.75983,  0.13220, -0.63654]
Time: 2.835000 Joint Angle [-0.05633,  0.61576,  0.27588, -1.74461,  0.01777, -0.22767, -0.00827] R des[-0.65681, -0.09655,  0.74785][0.03592, 0.98664, 0.15892][-0.75320,  0.13124, -0.64456]
Time: 2.850000 Joint Angle [-0.05633,  0.61021,  0.27493, -1.74856,  0.01987, -0.21587, -0.00827] R des[-0.66451, -0.09479,  0.74125][0.03470, 0.98694, 0.15732][-0.74648,  0.13027, -0.65254]
Time: 2.865000 Joint Angle [-0.05633,  0.60458,  0.27403, -1.75247,  0.02192, -0.20416, -0.00828] R des[-0.67215, -0.09304,  0.73454][0.03350, 0.98723, 0.15571][-0.73965,  0.12927, -0.66045]
Time: 2.880000 Joint Angle [-0.05633,  0.59898,  0.27309, -1.75629,  0.02395, -0.19231, -0.00828] R des[-0.67974, -0.09130,  0.72775][0.03231, 0.98753, 0.15408][-0.73274,  0.12825, -0.66832]
Time: 2.895000 Joint Angle [-0.05633,  0.59324,  0.27212, -1.75988,  0.02593, -0.18031, -0.00829] R des[-0.68728, -0.08957,  0.72085][0.03114, 0.98782, 0.15243][-0.72573,  0.12721, -0.67612]
Time: 2.910000 Joint Angle [-0.05633,  0.58763,  0.27114, -1.76350,  0.02793, -0.16801, -0.00829] R des[-0.69475, -0.08784,  0.71387][0.02998, 0.98811, 0.15077][-0.71863,  0.12615, -0.68386]
Time: 2.925000 Joint Angle [-0.05633,  0.58199,  0.27011, -1.76711,  0.02989, -0.15563, -0.00829] R des[-0.70216, -0.08612,  0.70680][0.02884, 0.98840, 0.14909][-0.71144,  0.12507, -0.69153]
Time: 2.940000 Joint Angle [-0.05633,  0.57632,  0.26915, -1.77060,  0.03180, -0.14319, -0.00829] R des[-0.70950, -0.08441,  0.69963][0.02772, 0.98869, 0.14740][-0.70416,  0.12397, -0.69913]
Time: 2.955000 Joint Angle [-0.05633,  0.57074,  0.26808, -1.77403,  0.03371, -0.13065, -0.00829] R des[-0.71677, -0.08271,  0.69238][0.02661, 0.98897, 0.14569][-0.69680,  0.12285, -0.70667]
Time: 2.970000 Joint Angle [-0.05633,  0.56512,  0.26711, -1.77732,  0.03557, -0.11797, -0.00829] R des[-0.72397, -0.08103,  0.68505][0.02552, 0.98925, 0.14397][-0.68936,  0.12171, -0.71413]
Time: 2.985000 Joint Angle [-0.05633,  0.55955,  0.26599, -1.78049,  0.03738, -0.10524, -0.00829] R des[-0.73110, -0.07935,  0.67764][0.02444, 0.98953, 0.14224][-0.68183,  0.12056, -0.72151]
Time: 3.000000 Joint Angle [-0.05633,  0.55395,  0.26498, -1.78355,  0.03916, -0.09242, -0.00829] R des[-0.73815, -0.07768,  0.67015][0.02339, 0.98980, 0.14050][-0.67423,  0.11938, -0.72881]
Time: 3.015000 Joint Angle [-0.05633,  0.54847,  0.26387, -1.78667,  0.04086, -0.07927, -0.00829] R des[-0.74512, -0.07603,  0.66258][0.02235, 0.99008, 0.13874][-0.66655,  0.11819, -0.73603]
Time: 3.030000 Joint Angle [-0.05633,  0.54298,  0.26288, -1.78960,  0.04259, -0.06632, -0.00829] R des[-0.75201, -0.07439,  0.65494][0.02133, 0.99034, 0.13698][-0.65880,  0.11698, -0.74316]
Time: 3.045000 Joint Angle [-0.05633,  0.53754,  0.26178, -1.79248,  0.04421, -0.05329, -0.00829] R des[-0.75882, -0.07276,  0.64722][0.02033, 0.99061, 0.13520][-0.65098,  0.11575, -0.75021]
Time: 3.060000 Joint Angle [-0.05633,  0.53217,  0.26070, -1.79521,  0.04584, -0.04004, -0.00829] R des[-0.76554, -0.07115,  0.63944][0.01935, 0.99087, 0.13342][-0.64310,  0.11451, -0.75717]
Time: 3.075000 Joint Angle [-0.05633,  0.52683,  0.25959, -1.79777,  0.04736, -0.02672, -0.00829] R des[-0.77217, -0.06955,  0.63160][0.01839, 0.99113, 0.13162][-0.63515,  0.11325, -0.76404]
Time: 3.090000 Joint Angle [-0.05633,  0.52160,  0.25850, -1.80029,  0.04889, -0.01333, -0.00829] R des[-0.77872, -0.06797,  0.62369][0.01745, 0.99138, 0.12982][-0.62714,  0.11197, -0.77082]
Time: 3.105000 Joint Angle [-0.05633,  0.51633,  0.25742, -1.80263,  0.05034,  0.00019, -0.00829] R des[-0.78517, -0.06640,  0.61572][0.01653, 0.99164, 0.12801][-0.61906,  0.11068, -0.77750]
Time: 3.120000 Joint Angle [-0.05633,  0.51126,  0.25633, -1.80493,  0.05173,  0.01382, -0.00829] R des[-0.79152, -0.06484,  0.60769][0.01563, 0.99188, 0.12619][-0.61094,  0.10938, -0.78409]
