Time: 0.000000 Joint Angle [-0.05609,  0.80614,  0.30585, -1.52125, -0.08772, -0.65841, -0.00002] R des[-0.09485, -0.21424,  0.97217][0.13514, 0.96476, 0.22579][-0.98628,  0.15279, -0.06256]
Time: 0.015000 Joint Angle [-0.05609,  0.80615,  0.30586, -1.52128, -0.08770, -0.65840, -0.00002] R des[-0.09485, -0.21424,  0.97217][0.13514, 0.96476, 0.22579][-0.98628,  0.15279, -0.06256]
Time: 0.030000 Joint Angle [-0.05610,  0.80615,  0.30586, -1.52131, -0.08767, -0.65840, -0.00002] R des[-0.09485, -0.21424,  0.97217][0.13514, 0.96476, 0.22579][-0.98628,  0.15279, -0.06256]
Time: 0.045000 Joint Angle [-0.05611,  0.80618,  0.30585, -1.52135, -0.08765, -0.65836, -0.00002] R des[-0.09485, -0.21424,  0.97217][0.13514, 0.96476, 0.22579][-0.98628,  0.15279, -0.06256]
Time: 0.060000 Joint Angle [-0.05611,  0.80623,  0.30585, -1.52138, -0.08762, -0.65829, -0.00002] R des[-0.09485, -0.21424,  0.97217][0.13514, 0.96476, 0.22579][-0.98628,  0.15279, -0.06256]
Time: 0.075000 Joint Angle [-0.05611,  0.80628,  0.30584, -1.52143, -0.08759, -0.65825, -0.00002] R des[-0.09485, -0.21424,  0.97217][0.13514, 0.96476, 0.22579][-0.98628,  0.15279, -0.06256]
Time: 0.090000 Joint Angle [-0.05611,  0.80633,  0.30584, -1.52148, -0.08755, -0.65824, -0.00002] R des[-0.09485, -0.21424,  0.97217][0.13514, 0.96476, 0.22579][-0.98628,  0.15279, -0.06256]
Time: 0.105000 Joint Angle [-0.05611,  0.80640,  0.30584, -1.52153, -0.08754, -0.65824, -0.00003] R des[-0.09485, -0.21424,  0.97217][0.13514, 0.96476, 0.22579][-0.98628,  0.15279, -0.06256]
Time: 0.120000 Joint Angle [-0.05611,  0.80650,  0.30583, -1.52154, -0.08753, -0.65822, -0.00003] R des[-0.09485, -0.21424,  0.97217][0.13514, 0.96476, 0.22579][-0.98628,  0.15279, -0.06256]
Time: 0.135000 Joint Angle [-0.05611,  0.80662,  0.30579, -1.52154, -0.08752, -0.65820, -0.00003] R des[-0.09485, -0.21424,  0.97217][0.13514, 0.96476, 0.22579][-0.98628,  0.15279, -0.06256]
Time: 0.150000 Joint Angle [-0.05611,  0.80673,  0.30577, -1.52154, -0.08751, -0.65820, -0.00003] R des[-0.09485, -0.21424,  0.97217][0.13514, 0.96476, 0.22579][-0.98628,  0.15279, -0.06256]
Time: 0.165000 Joint Angle [-0.05611,  0.80685,  0.30576, -1.52154, -0.08751, -0.65820, -0.00003] R des[-0.09485, -0.21424,  0.97217][0.13514, 0.96476, 0.22579][-0.98628,  0.15279, -0.06256]
Time: 0.180000 Joint Angle [-0.05611,  0.80697,  0.30576, -1.52153, -0.08750, -0.65820, -0.00003] R des[-0.09485, -0.21424,  0.97217][0.13514, 0.96476, 0.22579][-0.98628,  0.15279, -0.06256]
Time: 0.195000 Joint Angle [-0.05611,  0.80712,  0.30574, -1.52150, -0.08750, -0.65820, -0.00003] R des[-0.09485, -0.21424,  0.97217][0.13514, 0.96476, 0.22579][-0.98628,  0.15279, -0.06256]
Time: 0.210000 Joint Angle [-0.05611,  0.80727,  0.30573, -1.52148, -0.08750, -0.65820, -0.00004] R des[-0.09485, -0.21424,  0.97217][0.13514, 0.96476, 0.22579][-0.98628,  0.15279, -0.06256]
Time: 0.225000 Joint Angle [-0.05611,  0.80740,  0.30572, -1.52146, -0.08750, -0.65820, -0.00004] R des[-0.09485, -0.21424,  0.97217][0.13514, 0.96476, 0.22579][-0.98628,  0.15279, -0.06256]
Time: 0.240000 Joint Angle [-0.05611,  0.80752,  0.30572, -1.52145, -0.08749, -0.65820, -0.00004] R des[-0.09485, -0.21424,  0.97217][0.13514, 0.96476, 0.22579][-0.98628,  0.15279, -0.06256]
Time: 0.255000 Joint Angle [-0.05611,  0.80764,  0.30570, -1.52141, -0.08749, -0.65820, -0.00004] R des[-0.09485, -0.21424,  0.97217][0.13514, 0.96476, 0.22579][-0.98628,  0.15279, -0.06256]
Time: 0.270000 Joint Angle [-0.05611,  0.80775,  0.30569, -1.52136, -0.08749, -0.65820, -0.00004] R des[-0.09485, -0.21424,  0.97217][0.13514, 0.96476, 0.22579][-0.98628,  0.15279, -0.06256]
Time: 0.285000 Joint Angle [-0.05611,  0.80786,  0.30568, -1.52129, -0.08749, -0.65820, -0.00004] R des[-0.09485, -0.21424,  0.97217][0.13514, 0.96476, 0.22579][-0.98628,  0.15279, -0.06256]
Time: 0.300000 Joint Angle [-0.05611,  0.80797,  0.30568, -1.52122, -0.08749, -0.65820, -0.00004] R des[-0.09485, -0.21424,  0.97217][0.13514, 0.96476, 0.22579][-0.98628,  0.15279, -0.06256]
Time: 0.315000 Joint Angle [-0.05611,  0.80808,  0.30568, -1.52112, -0.08749, -0.65820, -0.00005] R des[-0.09485, -0.21424,  0.97217][0.13514, 0.96476, 0.22579][-0.98628,  0.15279, -0.06256]
Time: 0.330000 Joint Angle [-0.05611,  0.80820,  0.30568, -1.52101, -0.08749, -0.65820, -0.00005] R des[-0.09485, -0.21424,  0.97217][0.13514, 0.96476, 0.22579][-0.98628,  0.15279, -0.06256]
Time: 0.345000 Joint Angle [-0.05611,  0.80831,  0.30568, -1.52090, -0.08749, -0.65821, -0.00005] R des[-0.09485, -0.21424,  0.97217][0.13514, 0.96476, 0.22579][-0.98628,  0.15279, -0.06256]
Time: 0.360000 Joint Angle [-0.05611,  0.80841,  0.30568, -1.52079, -0.08748, -0.65821, -0.00005] R des[-0.09485, -0.21424,  0.97217][0.13514, 0.96476, 0.22579][-0.98628,  0.15279, -0.06256]
Time: 0.375000 Joint Angle [-0.05611,  0.80850,  0.30568, -1.52067, -0.08748, -0.65821, -0.00005] R des[-0.09485, -0.21424,  0.97217][0.13514, 0.96476, 0.22579][-0.98628,  0.15279, -0.06256]
Time: 0.390000 Joint Angle [-0.05611,  0.80860,  0.30568, -1.52055, -0.08748, -0.65821, -0.00005] R des[-0.09485, -0.21424,  0.97217][0.13514, 0.96476, 0.22579][-0.98628,  0.15279, -0.06256]
Time: 0.405000 Joint Angle [-0.05611,  0.80870,  0.30568, -1.52042, -0.08748, -0.65822, -0.00005] R des[-0.09485, -0.21424,  0.97217][0.13514, 0.96476, 0.22579][-0.98628,  0.15279, -0.06256]
Time: 0.420000 Joint Angle [-0.05611,  0.80881,  0.30568, -1.52030, -0.08748, -0.65822, -0.00006] R des[-0.09485, -0.21424,  0.97217][0.13514, 0.96476, 0.22579][-0.98628,  0.15279, -0.06256]
Time: 0.435000 Joint Angle [-0.05611,  0.80893,  0.30568, -1.52016, -0.08748, -0.65822, -0.00006] R des[-0.09485, -0.21424,  0.97217][0.13514, 0.96476, 0.22579][-0.98628,  0.15279, -0.06256]
Time: 0.450000 Joint Angle [-0.05611,  0.80907,  0.30568, -1.52001, -0.08748, -0.65823, -0.00006] R des[-0.09485, -0.21424,  0.97217][0.13514, 0.96476, 0.22579][-0.98628,  0.15279, -0.06256]
Time: 0.465000 Joint Angle [-0.05611,  0.80921,  0.30568, -1.51985, -0.08748, -0.65823, -0.00006] R des[-0.09485, -0.21424,  0.97217][0.13514, 0.96476, 0.22579][-0.98628,  0.15279, -0.06256]
Time: 0.480000 Joint Angle [-0.05611,  0.80935,  0.30568, -1.51969, -0.08748, -0.65824, -0.00006] R des[-0.09485, -0.21424,  0.97217][0.13514, 0.96476, 0.22579][-0.98628,  0.15279, -0.06256]
Time: 0.495000 Joint Angle [-0.05611,  0.80949,  0.30568, -1.51954, -0.08748, -0.65824, -0.00006] R des[-0.09485, -0.21424,  0.97217][0.13514, 0.96476, 0.22579][-0.98628,  0.15279, -0.06256]
Time: 0.510000 Joint Angle [-0.05611,  0.80962,  0.30569, -1.51938, -0.08748, -0.65825, -0.00007] R des[-0.09485, -0.21424,  0.97217][0.13514, 0.96476, 0.22579][-0.98628,  0.15279, -0.06256]
Time: 0.525000 Joint Angle [-0.05611,  0.80974,  0.30569, -1.51924, -0.08748, -0.65826, -0.00007] R des[-0.09485, -0.21424,  0.97217][0.13514, 0.96476, 0.22579][-0.98628,  0.15279, -0.06256]
Time: 0.540000 Joint Angle [-0.05611,  0.80985,  0.30569, -1.51911, -0.08748, -0.65827, -0.00007] R des[-0.09485, -0.21424,  0.97217][0.13514, 0.96476, 0.22579][-0.98628,  0.15279, -0.06256]
Time: 0.555000 Joint Angle [-0.05611,  0.80995,  0.30569, -1.51900, -0.08748, -0.65828, -0.00007] R des[-0.09485, -0.21424,  0.97217][0.13514, 0.96476, 0.22579][-0.98628,  0.15279, -0.06256]
Time: 0.570000 Joint Angle [-0.05611,  0.81006,  0.30569, -1.51889, -0.08748, -0.65829, -0.00007] R des[-0.09485, -0.21424,  0.97217][0.13514, 0.96476, 0.22579][-0.98628,  0.15279, -0.06256]
Time: 0.585000 Joint Angle [-0.05611,  0.81017,  0.30569, -1.51877, -0.08748, -0.65831, -0.00007] R des[-0.09485, -0.21424,  0.97217][0.13514, 0.96476, 0.22579][-0.98628,  0.15279, -0.06256]
Time: 0.600000 Joint Angle [-0.05611,  0.81030,  0.30570, -1.51866, -0.08748, -0.65833, -0.00007] R des[-0.09485, -0.21424,  0.97217][0.13514, 0.96476, 0.22579][-0.98628,  0.15279, -0.06256]
Time: 0.615000 Joint Angle [-0.05611,  0.81042,  0.30570, -1.51855, -0.08748, -0.65836, -0.00007] R des[-0.09485, -0.21424,  0.97217][0.13514, 0.96476, 0.22579][-0.98628,  0.15279, -0.06256]
Time: 0.630000 Joint Angle [-0.05611,  0.81053,  0.30570, -1.51845, -0.08748, -0.65838, -0.00008] R des[-0.09485, -0.21424,  0.97217][0.13514, 0.96476, 0.22579][-0.98628,  0.15279, -0.06256]
Time: 0.645000 Joint Angle [-0.05611,  0.81063,  0.30570, -1.51836, -0.08748, -0.65840, -0.00008] R des[-0.09485, -0.21424,  0.97217][0.13514, 0.96476, 0.22579][-0.98628,  0.15279, -0.06256]
Time: 0.660000 Joint Angle [-0.05611,  0.81071,  0.30570, -1.51829, -0.08748, -0.65842, -0.00008] R des[-0.09485, -0.21424,  0.97217][0.13514, 0.96476, 0.22579][-0.98628,  0.15279, -0.06256]
Time: 0.675000 Joint Angle [-0.05611,  0.81079,  0.30571, -1.51822, -0.08748, -0.65844, -0.00008] R des[-0.09485, -0.21424,  0.97217][0.13514, 0.96476, 0.22579][-0.98628,  0.15279, -0.06256]
Time: 0.690000 Joint Angle [-0.05611,  0.81087,  0.30571, -1.51814, -0.08748, -0.65847, -0.00008] R des[-0.09485, -0.21424,  0.97217][0.13514, 0.96476, 0.22579][-0.98628,  0.15279, -0.06256]
Time: 0.705000 Joint Angle [-0.05611,  0.81097,  0.30571, -1.51806, -0.08748, -0.65851, -0.00008] R des[-0.09485, -0.21424,  0.97217][0.13514, 0.96476, 0.22579][-0.98628,  0.15279, -0.06256]
Time: 0.720000 Joint Angle [-0.05611,  0.81108,  0.30571, -1.51797, -0.08748, -0.65857, -0.00008] R des[-0.09485, -0.21424,  0.97217][0.13514, 0.96476, 0.22579][-0.98628,  0.15279, -0.06256]
Time: 0.735000 Joint Angle [-0.05611,  0.81119,  0.30571, -1.51786, -0.08748, -0.65864, -0.00009] R des[-0.09485, -0.21424,  0.97217][0.13514, 0.96476, 0.22579][-0.98628,  0.15279, -0.06256]
Time: 0.750000 Joint Angle [-0.05611,  0.81131,  0.30572, -1.51777, -0.08748, -0.65873, -0.00009] R des[-0.09485, -0.21424,  0.97217][0.13514, 0.96476, 0.22579][-0.98628,  0.15279, -0.06256]
Time: 0.765000 Joint Angle [-0.05611,  0.81143,  0.30573, -1.51767, -0.08748, -0.65884, -0.00009] R des[-0.09485, -0.21424,  0.97217][0.13514, 0.96476, 0.22579][-0.98628,  0.15279, -0.06256]
Time: 0.780000 Joint Angle [-0.05611,  0.81156,  0.30574, -1.51757, -0.08748, -0.65890, -0.00009] R des[-0.09485, -0.21424,  0.97217][0.13514, 0.96476, 0.22579][-0.98628,  0.15279, -0.06256]
Time: 0.795000 Joint Angle [-0.05611,  0.81167,  0.30575, -1.51747, -0.08748, -0.65897, -0.00009] R des[-0.09485, -0.21424,  0.97217][0.13514, 0.96476, 0.22579][-0.98628,  0.15279, -0.06256]
Time: 0.810000 Joint Angle [-0.05611,  0.81177,  0.30575, -1.51740, -0.08748, -0.65908, -0.00010] R des[-0.09485, -0.21424,  0.97217][0.13514, 0.96476, 0.22579][-0.98628,  0.15279, -0.06256]
Time: 0.825000 Joint Angle [-0.05611,  0.81186,  0.30575, -1.51733, -0.08748, -0.65926, -0.00010] R des[-0.09485, -0.21424,  0.97217][0.13514, 0.96476, 0.22579][-0.98628,  0.15279, -0.06256]
Time: 0.840000 Joint Angle [-0.05611,  0.81195,  0.30575, -1.51729, -0.08748, -0.65950, -0.00010] R des[-0.09485, -0.21424,  0.97217][0.13514, 0.96476, 0.22579][-0.98628,  0.15279, -0.06256]
Time: 0.855000 Joint Angle [-0.05611,  0.81205,  0.30576, -1.51725, -0.08748, -0.65960, -0.00011] R des[-0.09485, -0.21424,  0.97217][0.13514, 0.96476, 0.22579][-0.98628,  0.15279, -0.06256]
Time: 0.870000 Joint Angle [-0.05611,  0.81215,  0.30576, -1.51721, -0.08748, -0.65968, -0.00011] R des[-0.09485, -0.21424,  0.97217][0.13514, 0.96476, 0.22579][-0.98628,  0.15279, -0.06256]
Time: 0.885000 Joint Angle [-0.05611,  0.81226,  0.30576, -1.51717, -0.08748, -0.65976, -0.00011] R des[-0.09485, -0.21424,  0.97217][0.13514, 0.96476, 0.22579][-0.98628,  0.15279, -0.06256]
Time: 0.900000 Joint Angle [-0.05611,  0.81238,  0.30576, -1.51712, -0.08748, -0.65982, -0.00012] R des[-0.09485, -0.21424,  0.97217][0.13514, 0.96476, 0.22579][-0.98628,  0.15279, -0.06256]
Time: 0.915000 Joint Angle [-0.05611,  0.81251,  0.30576, -1.51706, -0.08748, -0.65989, -0.00012] R des[-0.09485, -0.21424,  0.97217][0.13514, 0.96476, 0.22579][-0.98628,  0.15279, -0.06256]
Time: 0.930000 Joint Angle [-0.05611,  0.81262,  0.30577, -1.51700, -0.08748, -0.65995, -0.00013] R des[-0.09485, -0.21424,  0.97217][0.13514, 0.96476, 0.22579][-0.98628,  0.15279, -0.06256]
Time: 0.945000 Joint Angle [-0.05611,  0.81271,  0.30577, -1.51695, -0.08748, -0.65998, -0.00013] R des[-0.09485, -0.21424,  0.97217][0.13514, 0.96476, 0.22579][-0.98628,  0.15279, -0.06256]
Time: 0.960000 Joint Angle [-0.05611,  0.81280,  0.30578, -1.51691, -0.08748, -0.66003, -0.00014] R des[-0.09485, -0.21424,  0.97217][0.13514, 0.96476, 0.22579][-0.98628,  0.15279, -0.06256]
Time: 0.975000 Joint Angle [-0.05611,  0.81287,  0.30578, -1.51686, -0.08748, -0.66010, -0.00014] R des[-0.09485, -0.21424,  0.97217][0.13514, 0.96476, 0.22579][-0.98628,  0.15279, -0.06256]
Time: 0.990000 Joint Angle [-0.05611,  0.81295,  0.30578, -1.51682, -0.08748, -0.66016, -0.00014] R des[-0.09485, -0.21424,  0.97217][0.13514, 0.96476, 0.22579][-0.98628,  0.15279, -0.06256]
Time: 1.005000 Joint Angle [-0.05611,  0.81302,  0.30578, -1.51677, -0.08748, -0.66019, -0.00015] R des[-0.09485, -0.21424,  0.97217][0.13514, 0.96476, 0.22579][-0.98628,  0.15279, -0.06256]
Time: 1.020000 Joint Angle [-0.05611,  0.81310,  0.30578, -1.51671, -0.08748, -0.66026, -0.00015] R des[-0.09485, -0.21424,  0.97217][0.13514, 0.96476, 0.22579][-0.98628,  0.15279, -0.06256]
Time: 1.035000 Joint Angle [-0.05611,  0.81319,  0.30578, -1.51665, -0.08748, -0.66034, -0.00015] R des[-0.09486, -0.21424,  0.97217][0.13514, 0.96476, 0.22579][-0.98628,  0.15279, -0.06257]
Time: 1.050000 Joint Angle [-0.05611,  0.81328,  0.30579, -1.51657, -0.08748, -0.66037, -0.00015] R des[-0.09488, -0.21423,  0.97216][0.13513, 0.96476, 0.22579][-0.98627,  0.15279, -0.06258]
Time: 1.065000 Joint Angle [-0.05611,  0.81338,  0.30579, -1.51649, -0.08748, -0.66042, -0.00015] R des[-0.09491, -0.21423,  0.97216][0.13513, 0.96476, 0.22579][-0.98627,  0.15280, -0.06262]
Time: 1.080000 Joint Angle [-0.05611,  0.81347,  0.30579, -1.51642, -0.08748, -0.66049, -0.00016] R des[-0.09496, -0.21421,  0.97216][0.13512, 0.96476, 0.22578][-0.98627,  0.15280, -0.06267]
Time: 1.095000 Joint Angle [-0.05611,  0.81356,  0.30579, -1.51634, -0.08748, -0.66054, -0.00016] R des[-0.09504, -0.21420,  0.97216][0.13510, 0.96476, 0.22578][-0.98626,  0.15280, -0.06275]
Time: 1.110000 Joint Angle [-0.05611,  0.81364,  0.30579, -1.51628, -0.08748, -0.66059, -0.00016] R des[-0.09514, -0.21418,  0.97215][0.13508, 0.96477, 0.22577][-0.98626,  0.15280, -0.06286]
Time: 1.125000 Joint Angle [-0.05611,  0.81371,  0.30580, -1.51623, -0.08748, -0.66064, -0.00016] R des[-0.09527, -0.21415,  0.97214][0.13506, 0.96477, 0.22577][-0.98625,  0.15281, -0.06299]
Time: 1.140000 Joint Angle [-0.05611,  0.81377,  0.30580, -1.51618, -0.08748, -0.66074, -0.00016] R des[-0.09544, -0.21412,  0.97213][0.13503, 0.96478, 0.22576][-0.98623,  0.15281, -0.06317]
Time: 1.155000 Joint Angle [-0.05611,  0.81381,  0.30581, -1.51615, -0.08748, -0.66088, -0.00016] R des[-0.09565, -0.21408,  0.97212][0.13499, 0.96479, 0.22575][-0.98622,  0.15282, -0.06338]
Time: 1.170000 Joint Angle [-0.05611,  0.81381,  0.30581, -1.51616, -0.08748, -0.66107, -0.00017] R des[-0.09590, -0.21403,  0.97211][0.13494, 0.96480, 0.22573][-0.98620,  0.15282, -0.06364]
Time: 1.185000 Joint Angle [-0.05611,  0.81380,  0.30581, -1.51616, -0.08748, -0.66119, -0.00017] R des[-0.09619, -0.21398,  0.97209][0.13488, 0.96481, 0.22572][-0.98618,  0.15283, -0.06394]
Time: 1.200000 Joint Angle [-0.05611,  0.81378,  0.30582, -1.51617, -0.08748, -0.66121, -0.00017] R des[-0.09653, -0.21391,  0.97207][0.13482, 0.96482, 0.22570][-0.98616,  0.15284, -0.06430]
Time: 1.215000 Joint Angle [-0.05611,  0.81376,  0.30582, -1.51621, -0.08748, -0.66125, -0.00017] R des[-0.09693, -0.21383,  0.97205][0.13474, 0.96484, 0.22568][-0.98613,  0.15285, -0.06471]
Time: 1.230000 Joint Angle [-0.05611,  0.81372,  0.30582, -1.51625, -0.08748, -0.66128, -0.00017] R des[-0.09738, -0.21374,  0.97202][0.13466, 0.96486, 0.22566][-0.98610,  0.15286, -0.06517]
Time: 1.245000 Joint Angle [-0.05611,  0.81369,  0.30582, -1.51628, -0.08748, -0.66128, -0.00017] R des[-0.09789, -0.21364,  0.97200][0.13456, 0.96488, 0.22563][-0.98606,  0.15288, -0.06570]
Time: 1.260000 Joint Angle [-0.05611,  0.81365,  0.30582, -1.51634, -0.08748, -0.66127, -0.00017] R des[-0.09846, -0.21353,  0.97196][0.13445, 0.96490, 0.22560][-0.98602,  0.15289, -0.06629]
Time: 1.275000 Joint Angle [-0.05611,  0.81361,  0.30583, -1.51641, -0.08748, -0.66126, -0.00017] R des[-0.09910, -0.21341,  0.97192][0.13433, 0.96492, 0.22557][-0.98597,  0.15291, -0.06695]
Time: 1.290000 Joint Angle [-0.05611,  0.81356,  0.30583, -1.51650, -0.08748, -0.66126, -0.00017] R des[-0.09980, -0.21327,  0.97188][0.13420, 0.96495, 0.22553][-0.98592,  0.15293, -0.06768]
Time: 1.305000 Joint Angle [-0.05611,  0.81351,  0.30584, -1.51663, -0.08748, -0.66125, -0.00017] R des[-0.10058, -0.21312,  0.97184][0.13405, 0.96498, 0.22549][-0.98586,  0.15295, -0.06849]
Time: 1.320000 Joint Angle [-0.05611,  0.81345,  0.30584, -1.51679, -0.08748, -0.66125, -0.00017] R des[-0.10142, -0.21295,  0.97178][0.13389, 0.96501, 0.22544][-0.98579,  0.15297, -0.06936]
Time: 1.335000 Joint Angle [-0.05611,  0.81339,  0.30584, -1.51698, -0.08748, -0.66125, -0.00017] R des[-0.10235, -0.21277,  0.97173][0.13371, 0.96505, 0.22539][-0.98572,  0.15300, -0.07032]
Time: 1.350000 Joint Angle [-0.05611,  0.81334,  0.30585, -1.51720, -0.08748, -0.66125, -0.00018] R des[-0.10335, -0.21257,  0.97166][0.13352, 0.96509, 0.22534][-0.98564,  0.15303, -0.07136]
Time: 1.365000 Joint Angle [-0.05611,  0.81328,  0.30585, -1.51743, -0.08748, -0.66123, -0.00018] R des[-0.10443, -0.21236,  0.97159][0.13332, 0.96513, 0.22528][-0.98556,  0.15306, -0.07248]
Time: 1.380000 Joint Angle [-0.05611,  0.81323,  0.30586, -1.51767, -0.08748, -0.66114, -0.00018] R des[-0.10559, -0.21213,  0.97152][0.13309, 0.96518, 0.22521][-0.98546,  0.15309, -0.07368]
Time: 1.395000 Joint Angle [-0.05611,  0.81317,  0.30586, -1.51792, -0.08748, -0.66101, -0.00018] R des[-0.10684, -0.21189,  0.97144][0.13286, 0.96522, 0.22515][-0.98536,  0.15312, -0.07498]
Time: 1.410000 Joint Angle [-0.05611,  0.81311,  0.30586, -1.51819, -0.08748, -0.66088, -0.00018] R des[-0.10818, -0.21163,  0.97134][0.13260, 0.96528, 0.22507][-0.98525,  0.15315, -0.07636]
Time: 1.425000 Joint Angle [-0.05611,  0.81304,  0.30586, -1.51847, -0.08748, -0.66066, -0.00018] R des[-0.10961, -0.21135,  0.97125][0.13233, 0.96533, 0.22499][-0.98513,  0.15319, -0.07784]
Time: 1.440000 Joint Angle [-0.05611,  0.81298,  0.30586, -1.51876, -0.08748, -0.66045, -0.00018] R des[-0.11113, -0.21105,  0.97114][0.13204, 0.96539, 0.22491][-0.98500,  0.15323, -0.07941]
Time: 1.455000 Joint Angle [-0.05611,  0.81291,  0.30586, -1.51910, -0.08748, -0.66034, -0.00018] R des[-0.11274, -0.21073,  0.97102][0.13174, 0.96545, 0.22482][-0.98485,  0.15327, -0.08108]
Time: 1.470000 Joint Angle [-0.05611,  0.81283,  0.30587, -1.51947, -0.08748, -0.66025, -0.00018] R des[-0.11444, -0.21040,  0.97089][0.13141, 0.96552, 0.22472][-0.98470,  0.15331, -0.08285]
Time: 1.485000 Joint Angle [-0.05611,  0.81275,  0.30587, -1.51990, -0.08748, -0.66009, -0.00018] R des[-0.11625, -0.21004,  0.97076][0.13107, 0.96559, 0.22462][-0.98453,  0.15335, -0.08472]
Time: 1.500000 Joint Angle [-0.05611,  0.81266,  0.30587, -1.52039, -0.08748, -0.65993, -0.00018] R des[-0.11815, -0.20967,  0.97061][0.13071, 0.96566, 0.22451][-0.98436,  0.15340, -0.08669]
Time: 1.515000 Joint Angle [-0.05611,  0.81256,  0.30587, -1.52092, -0.08748, -0.65978, -0.00018] R des[-0.12015, -0.20928,  0.97045][0.13033, 0.96574, 0.22440][-0.98416,  0.15344, -0.08876]
Time: 1.530000 Joint Angle [-0.05611,  0.81247,  0.30586, -1.52148, -0.08748, -0.65955, -0.00018] R des[-0.12225, -0.20886,  0.97027][0.12994, 0.96582, 0.22428][-0.98396,  0.15349, -0.09094]
Time: 1.545000 Joint Angle [-0.05611,  0.81237,  0.30586, -1.52209, -0.08748, -0.65929, -0.00018] R des[-0.12446, -0.20843,  0.97009][0.12952, 0.96591, 0.22415][-0.98374,  0.15354, -0.09322]
Time: 1.560000 Joint Angle [-0.05611,  0.81224,  0.30586, -1.52274, -0.08747, -0.65893, -0.00018] R des[-0.12677, -0.20797,  0.96988][0.12908, 0.96600, 0.22401][-0.98350,  0.15359, -0.09562]
Time: 1.575000 Joint Angle [-0.05611,  0.81210,  0.30586, -1.52344, -0.08747, -0.65857, -0.00018] R des[-0.12919, -0.20750,  0.96967][0.12862, 0.96609, 0.22387][-0.98324,  0.15364, -0.09812]
Time: 1.590000 Joint Angle [-0.05611,  0.81194,  0.30585, -1.52417, -0.08747, -0.65828, -0.00018] R des[-0.13171, -0.20700,  0.96943][0.12815, 0.96619, 0.22372][-0.98297,  0.15370, -0.10073]
Time: 1.605000 Joint Angle [-0.05611,  0.81175,  0.30585, -1.52497, -0.08747, -0.65807, -0.00018] R des[-0.13434, -0.20648,  0.96918][0.12765, 0.96629, 0.22356][-0.98268,  0.15375, -0.10345]
Time: 1.620000 Joint Angle [-0.05612,  0.81155,  0.30584, -1.52583, -0.08747, -0.65786, -0.00018] R des[-0.13708, -0.20594,  0.96892][0.12713, 0.96640, 0.22339][-0.98237,  0.15380, -0.10629]
Time: 1.635000 Joint Angle [-0.05612,  0.81132,  0.30583, -1.52673, -0.08746, -0.65752, -0.00018] R des[-0.13993, -0.20538,  0.96863][0.12660, 0.96651, 0.22322][-0.98204,  0.15386, -0.10924]
Time: 1.650000 Joint Angle [-0.05612,  0.81107,  0.30580, -1.52769, -0.08746, -0.65704, -0.00018] R des[-0.14288, -0.20480,  0.96832][0.12604, 0.96663, 0.22304][-0.98168,  0.15391, -0.11230]
Time: 1.665000 Joint Angle [-0.05612,  0.81079,  0.30578, -1.52870, -0.08746, -0.65648, -0.00018] R des[-0.14595, -0.20419,  0.96799][0.12546, 0.96675, 0.22284][-0.98130,  0.15397, -0.11548]
Time: 1.680000 Joint Angle [-0.05612,  0.81048,  0.30577, -1.52980, -0.08745, -0.65600, -0.00018] R des[-0.14914, -0.20356,  0.96764][0.12486, 0.96687, 0.22264][-0.98090,  0.15403, -0.11878]
Time: 1.695000 Joint Angle [-0.05612,  0.81014,  0.30575, -1.53093, -0.08745, -0.65566, -0.00018] R des[-0.15243, -0.20291,  0.96726][0.12424, 0.96700, 0.22243][-0.98047,  0.15408, -0.12219]
Time: 1.710000 Joint Angle [-0.05612,  0.80977,  0.30572, -1.53214, -0.08745, -0.65504, -0.00018] R des[-0.15583, -0.20223,  0.96686][0.12360, 0.96713, 0.22221][-0.98002,  0.15413, -0.12572]
Time: 1.725000 Joint Angle [-0.05612,  0.80936,  0.30567, -1.53341, -0.08744, -0.65429, -0.00018] R des[-0.15935, -0.20154,  0.96643][0.12294, 0.96727, 0.22198][-0.97954,  0.15419, -0.12936]
Time: 1.740000 Joint Angle [-0.05612,  0.80892,  0.30562, -1.53474, -0.08744, -0.65373, -0.00018] R des[-0.16299, -0.20082,  0.96598][0.12226, 0.96741, 0.22174][-0.97902,  0.15424, -0.13312]
Time: 1.755000 Joint Angle [-0.05613,  0.80844,  0.30553, -1.53615, -0.08744, -0.65307, -0.00017] R des[-0.16673, -0.20007,  0.96549][0.12156, 0.96756, 0.22149][-0.97848,  0.15429, -0.13700]
Time: 1.770000 Joint Angle [-0.05613,  0.80788,  0.30541, -1.53759, -0.08743, -0.65224, -0.00017] R des[-0.17059, -0.19930,  0.96497][0.12084, 0.96771, 0.22123][-0.97790,  0.15434, -0.14100]
Time: 1.785000 Joint Angle [-0.05613,  0.80730,  0.30527, -1.53911, -0.08743, -0.65139, -0.00017] R des[-0.17457, -0.19851,  0.96443][0.12009, 0.96786, 0.22096][-0.97729,  0.15439, -0.14512]
Time: 1.800000 Joint Angle [-0.05613,  0.80664,  0.30514, -1.54065, -0.08742, -0.65030, -0.00017] R des[-0.17866, -0.19770,  0.96384][0.11933, 0.96802, 0.22068][-0.97665,  0.15444, -0.14935]
Time: 1.815000 Joint Angle [-0.05613,  0.80593,  0.30499, -1.54229, -0.08736, -0.64927, -0.00017] R des[-0.18286, -0.19686,  0.96323][0.11854, 0.96818, 0.22038][-0.97597,  0.15448, -0.15370]
Time: 1.830000 Joint Angle [-0.05614,  0.80516,  0.30485, -1.54395, -0.08713, -0.64802, -0.00017] R des[-0.18717, -0.19600,  0.96257][0.11774, 0.96835, 0.22007][-0.97525,  0.15452, -0.15817]
Time: 1.845000 Joint Angle [-0.05614,  0.80434,  0.30468, -1.54570, -0.08671, -0.64676, -0.00017] R des[-0.19160, -0.19512,  0.96188][0.11691, 0.96852, 0.21975][-0.97448,  0.15456, -0.16276]
Time: 1.860000 Joint Angle [-0.05614,  0.80343,  0.30453, -1.54753, -0.08615, -0.64543, -0.00017] R des[-0.19615, -0.19421,  0.96115][0.11607, 0.96870, 0.21942][-0.97368,  0.15460, -0.16747]
Time: 1.875000 Joint Angle [-0.05614,  0.80247,  0.30440, -1.54946, -0.08550, -0.64388, -0.00017] R des[-0.20080, -0.19328,  0.96038][0.11520, 0.96888, 0.21908][-0.97283,  0.15463, -0.17229]
Time: 1.890000 Joint Angle [-0.05614,  0.80142,  0.30427, -1.55147, -0.08476, -0.64236, -0.00018] R des[-0.20557, -0.19232,  0.95956][0.11431, 0.96907, 0.21872][-0.97194,  0.15465, -0.17723]
Time: 1.905000 Joint Angle [-0.05614,  0.80028,  0.30413, -1.55356, -0.08387, -0.64070, -0.00018] R des[-0.21045, -0.19135,  0.95870][0.11341, 0.96926, 0.21835][-0.97100,  0.15468, -0.18228]
Time: 1.920000 Joint Angle [-0.05614,  0.79909,  0.30400, -1.55578, -0.08294, -0.63895, -0.00018] R des[-0.21544, -0.19035,  0.95779][0.11248, 0.96945, 0.21797][-0.97002,  0.15469, -0.18745]
Time: 1.935000 Joint Angle [-0.05614,  0.79776,  0.30388, -1.55801, -0.08208, -0.63713, -0.00018] R des[-0.22054, -0.18932,  0.95683][0.11154, 0.96965, 0.21757][-0.96898,  0.15471, -0.19273]
Time: 1.950000 Joint Angle [-0.05615,  0.79638,  0.30376, -1.56036, -0.08119, -0.63508, -0.00018] R des[-0.22575, -0.18827,  0.95582][0.11058, 0.96985, 0.21715][-0.96789,  0.15471, -0.19813]
Time: 1.965000 Joint Angle [-0.05615,  0.79483,  0.30366, -1.56273, -0.08015, -0.63288, -0.00018] R des[-0.23107, -0.18720,  0.95476][0.10960, 0.97006, 0.21673][-0.96675,  0.15472, -0.20363]
Time: 1.980000 Joint Angle [-0.05615,  0.79319,  0.30354, -1.56521, -0.07914, -0.63044, -0.00018] R des[-0.23649, -0.18611,  0.95364][0.10860, 0.97027, 0.21628][-0.96555,  0.15471, -0.20925]
Time: 1.995000 Joint Angle [-0.05615,  0.79149,  0.30341, -1.56780, -0.07815, -0.62781, -0.00018] R des[-0.24203, -0.18499,  0.95247][0.10758, 0.97049, 0.21583][-0.96429,  0.15470, -0.21498]
Time: 2.010000 Joint Angle [-0.05615,  0.78970,  0.30328, -1.57050, -0.07702, -0.62514, -0.00018] R des[-0.24767, -0.18385,  0.95124][0.10654, 0.97071, 0.21535][-0.96297,  0.15468, -0.22082]
Time: 2.025000 Joint Angle [-0.05615,  0.78779,  0.30315, -1.57332, -0.07589, -0.62243, -0.00018] R des[-0.25341, -0.18269,  0.94995][0.10549, 0.97093, 0.21486][-0.96159,  0.15465, -0.22677]
Time: 2.040000 Joint Angle [-0.05615,  0.78578,  0.30300, -1.57621, -0.07476, -0.61957, -0.00018] R des[-0.25925, -0.18150,  0.94860][0.10441, 0.97116, 0.21436][-0.96015,  0.15462, -0.23282]
Time: 2.055000 Joint Angle [-0.05615,  0.78367,  0.30286, -1.57915, -0.07355, -0.61654, -0.00018] R des[-0.26520, -0.18030,  0.94719][0.10333, 0.97139, 0.21384][-0.95864,  0.15458, -0.23898]
Time: 2.070000 Joint Angle [-0.05616,  0.78143,  0.30271, -1.58213, -0.07232, -0.61337, -0.00018] R des[-0.27125, -0.17907,  0.94571][0.10222, 0.97163, 0.21330][-0.95707,  0.15453, -0.24524]
Time: 2.085000 Joint Angle [-0.05616,  0.77911,  0.30255, -1.58521, -0.07106, -0.60988, -0.00018] R des[-0.27739, -0.17782,  0.94416][0.10110, 0.97186, 0.21274][-0.95542,  0.15446, -0.25161]
Time: 2.100000 Joint Angle [-0.05616,  0.77667,  0.30238, -1.58841, -0.06973, -0.60626, -0.00018] R des[-0.28363, -0.17655,  0.94254][0.09996, 0.97211, 0.21217][-0.95371,  0.15439, -0.25807]
Time: 2.115000 Joint Angle [-0.05616,  0.77407,  0.30220, -1.59170, -0.06837, -0.60260, -0.00018] R des[-0.28997, -0.17525,  0.94085][0.09881, 0.97235, 0.21157][-0.95192,  0.15431, -0.26464]
Time: 2.130000 Joint Angle [-0.05616,  0.77140,  0.30200, -1.59514, -0.06692, -0.59866, -0.00018] R des[-0.29640, -0.17394,  0.93909][0.09764, 0.97260, 0.21097][-0.95006,  0.15422, -0.27130]
Time: 2.145000 Joint Angle [-0.05617,  0.76862,  0.30178, -1.59862, -0.06545, -0.59472, -0.00018] R des[-0.30292, -0.17260,  0.93725][0.09646, 0.97286, 0.21034][-0.94812,  0.15412, -0.27805]
Time: 2.160000 Joint Angle [-0.05617,  0.76570,  0.30152, -1.60209, -0.06395, -0.59057, -0.00018] R des[-0.30953, -0.17125,  0.93534][0.09526, 0.97312, 0.20969][-0.94610,  0.15401, -0.28490]
Time: 2.175000 Joint Angle [-0.05617,  0.76271,  0.30121, -1.60564, -0.06243, -0.58610, -0.00018] R des[-0.31623, -0.16987,  0.93335][0.09405, 0.97338, 0.20903][-0.94401,  0.15388, -0.29184]
Time: 2.190000 Joint Angle [-0.05617,  0.75960,  0.30091, -1.60934, -0.06084, -0.58156, -0.00018] R des[-0.32302, -0.16848,  0.93128][0.09283, 0.97364, 0.20834][-0.94183,  0.15375, -0.29887]
Time: 2.205000 Joint Angle [-0.05618,  0.75640,  0.30060, -1.61316, -0.05924, -0.57693, -0.00018] R des[-0.32989, -0.16706,  0.92912][0.09159, 0.97391, 0.20764][-0.93957,  0.15360, -0.30598]
Time: 2.220000 Joint Angle [-0.05618,  0.75303,  0.30029, -1.61702, -0.05759, -0.57221, -0.00019] R des[-0.33684, -0.16563,  0.92688][0.09034, 0.97418, 0.20691][-0.93722,  0.15343, -0.31318]
Time: 2.235000 Joint Angle [-0.05619,  0.74957,  0.29995, -1.62091, -0.05595, -0.56712, -0.00019] R des[-0.34387, -0.16418,  0.92456][0.08908, 0.97445, 0.20617][-0.93478,  0.15326, -0.32046]
Time: 2.250000 Joint Angle [-0.05619,  0.74598,  0.29960, -1.62483, -0.05422, -0.56182, -0.00019] R des[-0.35097, -0.16271,  0.92214][0.08781, 0.97473, 0.20541][-0.93226,  0.15307, -0.32781]
Time: 2.265000 Joint Angle [-0.05619,  0.74233,  0.29921, -1.62890, -0.05252, -0.55627, -0.00019] R des[-0.35815, -0.16122,  0.91964][0.08653, 0.97501, 0.20462][-0.92965,  0.15286, -0.33525]
Time: 2.280000 Joint Angle [-0.05619,  0.73861,  0.29884, -1.63303, -0.05074, -0.55069, -0.00019] R des[-0.36540, -0.15971,  0.91705][0.08524, 0.97529, 0.20382][-0.92694,  0.15264, -0.34276]
Time: 2.295000 Joint Angle [-0.05619,  0.73470,  0.29844, -1.63719, -0.04898, -0.54498, -0.00019] R des[-0.37272, -0.15819,  0.91436][0.08393, 0.97558, 0.20299][-0.92414,  0.15241, -0.35034]
Time: 2.310000 Joint Angle [-0.05620,  0.73070,  0.29804, -1.64137, -0.04714, -0.53899, -0.00019] R des[-0.38011, -0.15665,  0.91158][0.08262, 0.97586, 0.20215][-0.92124,  0.15215, -0.35799]
Time: 2.325000 Joint Angle [-0.05621,  0.72658,  0.29760, -1.64561, -0.04526, -0.53279, -0.00019] R des[-0.38756, -0.15509,  0.90871][0.08130, 0.97615, 0.20128][-0.91825,  0.15189, -0.36571]
Time: 2.340000 Joint Angle [-0.05621,  0.72243,  0.29712, -1.64998, -0.04336, -0.52632, -0.00019] R des[-0.39507, -0.15352,  0.90573][0.07998, 0.97645, 0.20039][-0.91516,  0.15160, -0.37349]
Time: 2.355000 Joint Angle [-0.05621,  0.71817,  0.29665, -1.65439, -0.04145, -0.51973, -0.00019] R des[-0.40264, -0.15193,  0.90266][0.07864, 0.97674, 0.19948][-0.91197,  0.15130, -0.38133]
Time: 2.370000 Joint Angle [-0.05621,  0.71372,  0.29619, -1.65875, -0.03955, -0.51311, -0.00019] R des[-0.41026, -0.15033,  0.89949][0.07730, 0.97704, 0.19855][-0.90868,  0.15099, -0.38922]
Time: 2.385000 Joint Angle [-0.05621,  0.70924,  0.29573, -1.66313, -0.03757, -0.50601, -0.00019] R des[-0.41794, -0.14871,  0.89622][0.07595, 0.97734, 0.19759][-0.90529,  0.15065, -0.39717]
Time: 2.400000 Joint Angle [-0.05622,  0.70461,  0.29524, -1.66753, -0.03556, -0.49862, -0.00020] R des[-0.42567, -0.14708,  0.89285][0.07460, 0.97764, 0.19662][-0.90180,  0.15030, -0.40518]
Time: 2.415000 Joint Angle [-0.05622,  0.69997,  0.29469, -1.67203, -0.03352, -0.49113, -0.00020] R des[-0.43344, -0.14544,  0.88937][0.07324, 0.97794, 0.19562][-0.89820,  0.14993, -0.41323]
Time: 2.430000 Joint Angle [-0.05622,  0.69519,  0.29415, -1.67654, -0.03147, -0.48359, -0.00020] R des[-0.44126, -0.14378,  0.88579][0.07188, 0.97824, 0.19460][-0.89450,  0.14954, -0.42132]
Time: 2.445000 Joint Angle [-0.05622,  0.69031,  0.29367, -1.68097, -0.02939, -0.47571, -0.00020] R des[-0.44912, -0.14212,  0.88210][0.07052, 0.97855, 0.19356][-0.89069,  0.14913, -0.42946]
Time: 2.460000 Joint Angle [-0.05623,  0.68533,  0.29319, -1.68537, -0.02728, -0.46755, -0.00020] R des[-0.45701, -0.14044,  0.87830][0.06915, 0.97886, 0.19250][-0.88677,  0.14871, -0.43764]
Time: 2.475000 Joint Angle [-0.05624,  0.68036,  0.29261, -1.68987, -0.02515, -0.45912, -0.00020] R des[-0.46494, -0.13875,  0.87440][0.06778, 0.97917, 0.19141][-0.88274,  0.14826, -0.44585]
Time: 2.490000 Joint Angle [-0.05624,  0.67525,  0.29202, -1.69442, -0.02299, -0.45070, -0.00020] R des[-0.47290, -0.13705,  0.87039][0.06641, 0.97948, 0.19030][-0.87861,  0.14779, -0.45409]
Time: 2.505000 Joint Angle [-0.05624,  0.67005,  0.29150, -1.69881, -0.02088, -0.44204, -0.00020] R des[-0.48089, -0.13534,  0.86627][0.06503, 0.97979, 0.18917][-0.87437,  0.14731, -0.46237]
Time: 2.520000 Joint Angle [-0.05624,  0.66474,  0.29101, -1.70319, -0.01872, -0.43301, -0.00020] R des[-0.48890, -0.13362,  0.86205][0.06366, 0.98010, 0.18802][-0.87001,  0.14680, -0.47066]
Time: 2.535000 Joint Angle [-0.05624,  0.65945,  0.29042, -1.70757, -0.01650, -0.42368, -0.00021] R des[-0.49693, -0.13189,  0.85771][0.06229, 0.98041, 0.18685][-0.86555,  0.14628, -0.47898]
Time: 2.550000 Joint Angle [-0.05624,  0.65406,  0.28981, -1.71196, -0.01434, -0.41428, -0.00021] R des[-0.50498, -0.13015,  0.85326][0.06092, 0.98073, 0.18565][-0.86098,  0.14573, -0.48732]
Time: 2.565000 Joint Angle [-0.05624,  0.64867,  0.28924, -1.71632, -0.01211, -0.40467, -0.00021] R des[-0.51305, -0.12841,  0.84870][0.05955, 0.98104, 0.18443][-0.85629,  0.14516, -0.49567]
Time: 2.580000 Joint Angle [-0.05624,  0.64312,  0.28874, -1.72056, -0.00992, -0.39486, -0.00021] R des[-0.52112, -0.12666,  0.84403][0.05818, 0.98135, 0.18319][-0.85150,  0.14457, -0.50404]
Time: 2.595000 Joint Angle [-0.05624,  0.63757,  0.28813, -1.72473, -0.00771, -0.38473, -0.00021] R des[-0.52921, -0.12490,  0.83925][0.05682, 0.98167, 0.18193][-0.84659,  0.14396, -0.51241]
Time: 2.610000 Joint Angle [-0.05624,  0.63197,  0.28749, -1.72889, -0.00550, -0.37434, -0.00021] R des[-0.53729, -0.12314,  0.83436][0.05546, 0.98198, 0.18064][-0.84157,  0.14333, -0.52078]
Time: 2.625000 Joint Angle [-0.05624,  0.62636,  0.28689, -1.73308, -0.00327, -0.36379, -0.00021] R des[-0.54538, -0.12138,  0.82935][0.05410, 0.98230, 0.17934][-0.83644,  0.14267, -0.52916]
Time: 2.640000 Joint Angle [-0.05624,  0.62071,  0.28633, -1.73714, -0.00104, -0.35313, -0.00021] R des[-0.55347, -0.11961,  0.82424][0.05275, 0.98261, 0.17801][-0.83120,  0.14200, -0.53754]
Time: 2.655000 Joint Angle [-0.05624,  0.61496,  0.28576, -1.74101,  0.00117, -0.34232, -0.00021] R des[-0.56155, -0.11784,  0.81901][0.05140, 0.98293, 0.17666][-0.82585,  0.14130, -0.54590]
Time: 2.670000 Joint Angle [-0.05624,  0.60929,  0.28510, -1.74488,  0.00341, -0.33124, -0.00021] R des[-0.56962, -0.11606,  0.81367][0.05006, 0.98324, 0.17529][-0.82038,  0.14058, -0.55426]
Time: 2.685000 Joint Angle [-0.05624,  0.60358,  0.28450, -1.74870,  0.00563, -0.31999, -0.00021] R des[-0.57767, -0.11428,  0.80823][0.04873, 0.98356, 0.17390][-0.81481,  0.13984, -0.56261]
Time: 2.700000 Joint Angle [-0.05624,  0.59789,  0.28387, -1.75252,  0.00783, -0.30859, -0.00021] R des[-0.58572, -0.11250,  0.80267][0.04741, 0.98387, 0.17249][-0.80913,  0.13908, -0.57094]
Time: 2.715000 Joint Angle [-0.05624,  0.59212,  0.28328, -1.75614,  0.00996, -0.29714, -0.00021] R des[-0.59374, -0.11072,  0.79700][0.04609, 0.98418, 0.17106][-0.80334,  0.13830, -0.57924]
Time: 2.730000 Joint Angle [-0.05624,  0.58637,  0.28267, -1.75965,  0.01215, -0.28547, -0.00021] R des[-0.60174, -0.10894,  0.79123][0.04478, 0.98449, 0.16961][-0.79744,  0.13749, -0.58753]
Time: 2.745000 Joint Angle [-0.05624,  0.58069,  0.28204, -1.76309,  0.01428, -0.27340, -0.00021] R des[-0.60971, -0.10717,  0.78535][0.04348, 0.98480, 0.16814][-0.79143,  0.13666, -0.59578]
Time: 2.760000 Joint Angle [-0.05624,  0.57496,  0.28142, -1.76643,  0.01640, -0.26116, -0.00021] R des[-0.61765, -0.10539,  0.77936][0.04219, 0.98511, 0.16665][-0.78532,  0.13582, -0.60401]
Time: 2.775000 Joint Angle [-0.05624,  0.56933,  0.28077, -1.76975,  0.01856, -0.24875, -0.00021] R des[-0.62556, -0.10361,  0.77326][0.04092, 0.98542, 0.16514][-0.77910,  0.13494, -0.61220]
Time: 2.790000 Joint Angle [-0.05624,  0.56367,  0.28017, -1.77295,  0.02064, -0.23626, -0.00021] R des[-0.63344, -0.10184,  0.76706][0.03965, 0.98573, 0.16361][-0.77278,  0.13405, -0.62036]
Time: 2.805000 Joint Angle [-0.05624,  0.55805,  0.27953, -1.77593,  0.02270, -0.22367, -0.00021] R des[-0.64127, -0.10007,  0.76076][0.03839, 0.98603, 0.16207][-0.76635,  0.13314, -0.62847]
Time: 2.820000 Joint Angle [-0.05624,  0.55247,  0.27887, -1.77878,  0.02472, -0.21096, -0.00021] R des[-0.64906, -0.09831,  0.75436][0.03715, 0.98634, 0.16050][-0.75983,  0.13220, -0.63654]
Time: 2.835000 Joint Angle [-0.05624,  0.54692,  0.27821, -1.78151,  0.02670, -0.19788, -0.00021] R des[-0.65681, -0.09655,  0.74785][0.03592, 0.98664, 0.15892][-0.75320,  0.13124, -0.64456]
Time: 2.850000 Joint Angle [-0.05624,  0.54145,  0.27758, -1.78411,  0.02867, -0.18476, -0.00021] R des[-0.66451, -0.09479,  0.74125][0.03470, 0.98694, 0.15732][-0.74648,  0.13027, -0.65254]
Time: 2.865000 Joint Angle [-0.05623,  0.53599,  0.27695, -1.78666,  0.03061, -0.17162, -0.00021] R des[-0.67215, -0.09304,  0.73454][0.03350, 0.98723, 0.15571][-0.73965,  0.12927, -0.66045]
Time: 2.880000 Joint Angle [-0.05624,  0.53066,  0.27624, -1.78911,  0.03253, -0.15820, -0.00021] R des[-0.67974, -0.09130,  0.72775][0.03231, 0.98753, 0.15408][-0.73274,  0.12825, -0.66832]
Time: 2.895000 Joint Angle [-0.05624,  0.52535,  0.27558, -1.79134,  0.03439, -0.14486, -0.00021] R des[-0.68728, -0.08957,  0.72085][0.03114, 0.98782, 0.15243][-0.72573,  0.12721, -0.67612]
Time: 2.910000 Joint Angle [-0.05623,  0.52016,  0.27486, -1.79348,  0.03625, -0.13139, -0.00021] R des[-0.69475, -0.08784,  0.71387][0.02998, 0.98811, 0.15077][-0.71863,  0.12615, -0.68386]
Time: 2.925000 Joint Angle [-0.05623,  0.51496,  0.27419, -1.79541,  0.03797, -0.11773, -0.00021] R des[-0.70216, -0.08612,  0.70680][0.02884, 0.98840, 0.14909][-0.71144,  0.12507, -0.69153]
Time: 2.940000 Joint Angle [-0.05623,  0.50990,  0.27351, -1.79723,  0.03973, -0.10393, -0.00021] R des[-0.70950, -0.08441,  0.69963][0.02772, 0.98869, 0.14740][-0.70416,  0.12397, -0.69913]
Time: 2.955000 Joint Angle [-0.05623,  0.50493,  0.27282, -1.79892,  0.04137, -0.09021, -0.00020] R des[-0.71677, -0.08271,  0.69238][0.02661, 0.98897, 0.14569][-0.69680,  0.12285, -0.70667]
Time: 2.970000 Joint Angle [-0.05623,  0.50009,  0.27210, -1.80050,  0.04305, -0.07627, -0.00020] R des[-0.72397, -0.08103,  0.68505][0.02552, 0.98925, 0.14397][-0.68936,  0.12171, -0.71413]
Time: 2.985000 Joint Angle [-0.05623,  0.49528,  0.27139, -1.80186,  0.04456, -0.06234, -0.00020] R des[-0.73110, -0.07935,  0.67764][0.02444, 0.98953, 0.14224][-0.68183,  0.12056, -0.72151]
Time: 3.000000 Joint Angle [-0.05623,  0.49061,  0.27066, -1.80316,  0.04613, -0.04831, -0.00020] R des[-0.73815, -0.07768,  0.67015][0.02339, 0.98980, 0.14050][-0.67423,  0.11938, -0.72881]
Time: 3.015000 Joint Angle [-0.05623,  0.48608,  0.26993, -1.80437,  0.04756, -0.03423, -0.00020] R des[-0.74512, -0.07603,  0.66258][0.02235, 0.99008, 0.13874][-0.66655,  0.11819, -0.73603]
Time: 3.030000 Joint Angle [-0.05623,  0.48165,  0.26923, -1.80539,  0.04901, -0.02011, -0.00020] R des[-0.75201, -0.07439,  0.65494][0.02133, 0.99034, 0.13698][-0.65880,  0.11698, -0.74316]
Time: 3.045000 Joint Angle [-0.05623,  0.47730,  0.26848, -1.80620,  0.05037, -0.00601, -0.00020] R des[-0.75882, -0.07276,  0.64722][0.02033, 0.99061, 0.13520][-0.65098,  0.11575, -0.75021]
Time: 3.060000 Joint Angle [-0.05623,  0.47312,  0.26774, -1.80697,  0.05165,  0.00827, -0.00020] R des[-0.76554, -0.07115,  0.63944][0.01935, 0.99087, 0.13342][-0.64310,  0.11451, -0.75717]
Time: 3.075000 Joint Angle [-0.05623,  0.46901,  0.26703, -1.80760,  0.05289,  0.02247, -0.00020] R des[-0.77217, -0.06955,  0.63160][0.01839, 0.99113, 0.13162][-0.63515,  0.11325, -0.76404]
Time: 3.090000 Joint Angle [-0.05623,  0.46506,  0.26629, -1.80805,  0.05405,  0.03675, -0.00020] R des[-0.77872, -0.06797,  0.62369][0.01745, 0.99138, 0.12982][-0.62714,  0.11197, -0.77082]
Time: 3.105000 Joint Angle [-0.05623,  0.46126,  0.26552, -1.80836,  0.05514,  0.05103, -0.00019] R des[-0.78517, -0.06640,  0.61572][0.01653, 0.99164, 0.12801][-0.61906,  0.11068, -0.77750]
Time: 3.120000 Joint Angle [-0.05623,  0.45755,  0.26481, -1.80853,  0.05619,  0.06520, -0.00019] R des[-0.79152, -0.06484,  0.60769][0.01563, 0.99188, 0.12619][-0.61094,  0.10938, -0.78409]
